14	43	0.9988596439361572
17	46	0.9969780445098877
14	47	0.9904616475105286
17	43	0.9901471138000488
18	43	0.9856261014938354
17	42	0.9787870645523071
14	46	0.9710832238197327
13	46	0.9688144326210022
37	40	0.9575011730194092
25	29	0.9529342651367188
40	44	0.9475541114807129
23	32	0.9475537538528442
37	41	0.9455028772354126
18	37	0.9447253942489624
20	37	0.944429874420166
13	47	0.9375747442245483
26	29	0.936549961566925
9	49	0.936241865158081
11	47	0.9276808500289917
37	43	0.9227323532104492
8	47	0.9186113476753235
36	40	0.9151207208633423
24	31	0.9079412221908569
18	42	0.9071129560470581
18	40	0.9060260057449341
35	38	0.9051418900489807
11	15	0.9033800363540649
36	39	0.8999184966087341
22	32	0.8974549174308777
38	41	0.8973848223686218
7	51	0.8936119079589844
47	51	0.8918840885162354
23	31	0.8917328119277954
40	43	0.8899641633033752
26	30	0.8856943845748901
26	28	0.8827706575393677
33	37	0.879704475402832
34	37	0.8773367404937744
25	30	0.8770684599876404
8	48	0.8750575184822083
14	18	0.8738818168640137
24	30	0.8699856400489807
8	12	0.854851245880127
22	36	0.8508191704750061
25	28	0.845127284526825
10	14	0.8396865129470825
7	11	0.8357174396514893
38	42	0.8334670066833496
27	29	0.8320765495300293
8	11	0.83050537109375
38	40	0.8174502849578857
39	43	0.8144990801811218
35	39	0.8078663945198059
35	37	0.7998920679092407
20	38	0.7918186187744141
7	10	0.7859461307525635
44	52	0.7855387926101685
18	22	0.78544682264328
9	12	0.7827547192573547
9	48	0.7819122076034546
33	36	0.7753700613975525
20	36	0.7741905450820923
3	51	0.7712652683258057
8	49	0.7705836296081543
34	38	0.7672163248062134
10	13	0.7667675614356995
36	38	0.7597243785858154
11	14	0.7580894827842712
23	30	0.7579960823059082
34	36	0.757272481918335
25	27	0.7546089887619019
39	42	0.753190279006958
39	41	0.7412389516830444
43	47	0.7311070561408997
5	8	0.7310030460357666
22	37	0.7251582145690918
6	9	0.7216219902038574
6	10	0.7160314321517944
9	13	0.7117490172386169
12	15	0.7022730112075806
52	55	0.6966714859008789
33	35	0.6957041025161743
13	15	0.6883175373077393
27	30	0.6855300664901733
20	22	0.684485137462616
10	12	0.6841099858283997
47	50	0.683578610420227
48	51	0.6829546689987183
24	28	0.6819023489952087
37	39	0.6762248277664185
40	42	0.6757258176803589
14	52	0.6756956577301025
41	44	0.6719430088996887
11	13	0.6710152626037598
32	36	0.67050701379776
4	7	0.660167396068573
50	53	0.6597260236740112
8	14	0.6596254110336304
13	16	0.6572567224502563
7	50	0.655526876449585
32	34	0.6526480913162231
12	14	0.6501795053482056
4	8	0.6495398879051208
47	49	0.6471470594406128
20	23	0.6459510326385498
22	33	0.6450520157814026
19	22	0.6435725688934326
14	16	0.6424078941345215
49	51	0.6394950151443481
19	23	0.638840913772583
51	53	0.6357553005218506
46	48	0.635047197341919
42	44	0.6348073482513428
28	30	0.6343304514884949
28	31	0.6336986422538757
51	54	0.6327232122421265
31	33	0.6327165365219116
27	31	0.6324160099029541
32	35	0.6310757398605347
5	9	0.6305230855941772
9	11	0.6303696632385254
7	9	0.6249624490737915
48	50	0.6236507296562195
53	55	0.6233412623405457
29	33	0.622502863407135
8	10	0.6211816072463989
14	17	0.6186150908470154
30	32	0.6166794896125793
47	52	0.6141197681427002
49	52	0.6139260530471802
46	49	0.6126551628112793
29	31	0.6124551296234131
6	8	0.6118994951248169
18	39	0.6103863716125488
25	31	0.6099705696105957
1	3	0.60752272605896
31	34	0.6064597368240356
2	5	0.6057319641113281
15	18	0.6053878664970398
4	6	0.6046934723854065
3	6	0.6031168699264526
52	54	0.6025685667991638
41	43	0.6022024154663086
29	32	0.6019097566604614
30	33	0.6014772057533264
15	17	0.5998080968856812
18	21	0.5991213321685791
19	21	0.5991021990776062
24	27	0.5987579226493835
5	7	0.5971803069114685
18	20	0.596344530582428
7	49	0.5962333679199219
16	18	0.5960372090339661
16	19	0.5958222150802612
17	19	0.595745325088501
21	23	0.595630407333374
43	45	0.5950523018836975
1	4	0.5946507453918457
22	24	0.5944163799285889
23	25	0.5943587422370911
24	26	0.5932983160018921
3	5	0.5932517051696777
44	47	0.5930370092391968
17	20	0.5928543210029602
44	46	0.5922010540962219
45	47	0.5919158458709717
2	4	0.5899891257286072
50	52	0.5891948342323303
13	17	0.5881303548812866
21	24	0.5862537622451782
22	25	0.585626482963562
23	26	0.5837579965591431
3	7	0.5834412574768066
43	46	0.5831440091133118
42	45	0.5798795819282532
24	32	0.5765900611877441
21	25	0.5761622190475464
28	32	0.5705440044403076
20	24	0.5680151581764221
22	26	0.5662863850593567
42	46	0.5641094446182251
45	48	0.5618378520011902
12	16	0.556271493434906
8	51	0.5541351437568665
17	21	0.5532560348510742
48	52	0.5529290437698364
30	34	0.5469427108764648
43	52	0.5452462434768677
23	27	0.5440075993537903
44	48	0.5408825278282166
13	43	0.5297719240188599
49	53	0.5097212791442871
21	36	0.4745993912220001
4	23	0.4713568687438965
4	51	0.4698675870895386
50	54	0.4658535122871399
26	31	0.46538862586021423
15	19	0.44986066222190857
2	32	0.4483482241630554
3	23	0.4463154673576355
3	32	0.4419097304344177
23	33	0.4336252808570862
31	35	0.427389919757843
3	30	0.42094409465789795
15	37	0.4187352657318115
51	55	0.4125968813896179
17	37	0.41090211272239685
9	51	0.4087398052215576
19	37	0.4079480767250061
22	34	0.4067012667655945
3	31	0.4023578464984894
2	22	0.3982435464859009
2	6	0.39533886313438416
16	20	0.38671672344207764
1	5	0.3846173584461212
17	40	0.3842877149581909
2	23	0.3765064775943756
41	45	0.3672944903373718
32	37	0.36271369457244873
8	15	0.3549003005027771
19	38	0.3541262447834015
23	43	0.35052090883255005
46	50	0.35019734501838684
20	39	0.3439449071884155
3	25	0.3394519090652466
34	40	0.33740484714508057
24	33	0.3364565074443817
7	54	0.3360632061958313
22	43	0.33145490288734436
37	44	0.3314545750617981
9	47	0.3304276466369629
5	51	0.3277646005153656
3	15	0.3223535120487213
14	51	0.3177516758441925
18	23	0.31667783856391907
17	47	0.31278184056282043
3	52	0.310416042804718
13	49	0.3101005554199219
45	49	0.29956236481666565
3	22	0.29662439227104187
2	33	0.294411838054657
23	37	0.2861602306365967
15	23	0.286029189825058
38	43	0.2819198966026306
14	44	0.28136539459228516
22	38	0.2789650559425354
2	31	0.27742186188697815
3	48	0.2746011018753052
15	32	0.27363327145576477
2	24	0.265951544046402
2	34	0.2602432072162628
3	8	0.25794196128845215
4	30	0.2563796043395996
5	48	0.25619179010391235
3	24	0.24922889471054077
2	25	0.24351286888122559
19	39	0.2424890697002411
5	50	0.22964897751808167
15	43	0.22957977652549744
1	22	0.2277061492204666
1	34	0.21664559841156006
34	39	0.21655918657779694
10	47	0.21440613269805908
1	31	0.20744545757770538
7	48	0.20638391375541687
22	35	0.2063267081975937
3	18	0.2053866684436798
11	51	0.20364265143871307
2	48	0.2009427547454834
1	33	0.20085543394088745
2	51	0.1992175579071045
21	33	0.19639113545417786
4	25	0.19617164134979248
40	52	0.19563060998916626
4	31	0.1949627697467804
1	25	0.1932419091463089
20	34	0.19302600622177124
22	31	0.19241052865982056
2	8	0.19176210463047028
1	24	0.1917552500963211
7	12	0.1914726346731186
2	7	0.1890529990196228
18	38	0.18562573194503784
4	22	0.17827783524990082
21	34	0.17812134325504303
15	34	0.17645879089832306
23	36	0.17396196722984314
9	50	0.17311790585517883
6	50	0.1719169318675995
13	51	0.17154881358146667
20	40	0.17119251191616058
24	29	0.1709035187959671
13	52	0.16921748220920563
4	52	0.16824649274349213
2	15	0.16473060846328735
4	32	0.1641436517238617
4	54	0.16377295553684235
47	53	0.16188101470470428
34	44	0.16140708327293396
4	24	0.1606534719467163
44	51	0.15560686588287354
2	30	0.15554818511009216
3	14	0.1541580855846405
19	40	0.15410052239894867
8	46	0.15114319324493408
1	32	0.1503085345029831
7	14	0.14541688561439514
1	30	0.14393024146556854
17	39	0.14091379940509796
2	18	0.13995011150836945
3	26	0.1383005976676941
2	14	0.13175135850906372
2	47	0.1316283792257309
2	21	0.1307239979505539
4	50	0.12936201691627502
3	33	0.12777771055698395
6	51	0.12695877254009247
36	43	0.12236812710762024
13	48	0.12064771354198456
20	35	0.11986736208200455
3	50	0.11961323022842407
5	30	0.1157955527305603
8	23	0.11534135043621063
37	42	0.11069135367870331
32	52	0.10720676183700562
4	15	0.10592914372682571
6	49	0.10448714345693588
23	34	0.0997036024928093
16	46	0.09957033395767212
37	47	0.09956061840057373
8	13	0.098958320915699
7	52	0.09605943411588669
34	43	0.09605719894170761
1	26	0.09572942554950714
3	53	0.09507046639919281
10	15	0.09449311345815659
3	34	0.09341205656528473
8	52	0.09306107461452484
5	52	0.09166614711284637
19	36	0.09152476489543915
14	37	0.09102482348680496
17	52	0.0906917005777359
21	38	0.08919934183359146
39	44	0.08847321569919586
2	26	0.08794579654932022
14	23	0.08681650459766388
23	40	0.08483383059501648
38	44	0.08372960984706879
3	54	0.08327226340770721
11	49	0.0823255106806755
21	37	0.08225569874048233
23	44	0.08224615454673767
20	33	0.08105245232582092
1	23	0.08098124712705612
4	48	0.08059217035770416
1	21	0.08018459379673004
3	11	0.07917653024196625
4	26	0.07873152196407318
21	35	0.0785989910364151
8	18	0.0784282460808754
11	48	0.07799457013607025
3	47	0.07572279125452042
25	32	0.07390445470809937
5	49	0.07334300130605698
2	46	0.07311775535345078
35	40	0.0728626623749733
3	49	0.07279644906520844
2	19	0.07273788750171661
7	25	0.07258347421884537
5	31	0.07227182388305664
43	51	0.07141509652137756
7	53	0.07023036479949951
15	22	0.06868594884872437
11	46	0.06840609014034271
2	20	0.06759171187877655
3	29	0.06753378361463547
21	32	0.06659647077322006
2	9	0.06655395776033401
11	52	0.06606252491474152
22	40	0.06556972116231918
5	23	0.06537120044231415
33	38	0.06332163512706757
4	53	0.06324851512908936
2	49	0.06280593574047089
4	21	0.0617249570786953
34	41	0.061421219259500504
41	54	0.06109805777668953
5	25	0.060848549008369446
5	53	0.06045302003622055
19	42	0.06001504510641098
7	55	0.05882890149950981
33	40	0.058619752526283264
44	54	0.05854370817542076
18	36	0.05768962204456329
8	50	0.05658896639943123
2	53	0.05598755180835724
3	9	0.05540930852293968
15	36	0.05537116527557373
2	54	0.05501404404640198
23	38	0.05350824445486069
20	43	0.053250499069690704
1	35	0.05309208482503891
39	54	0.05267493799328804
9	14	0.05245966464281082
2	55	0.052428003400564194
30	52	0.052171491086483
16	37	0.05188823863863945
2	52	0.051669929176568985
3	55	0.05149219557642937
22	30	0.05088776722550392
1	27	0.04982755333185196
1	48	0.04972969740629196
32	44	0.04972768947482109
32	53	0.04966502636671066
32	51	0.04921139404177666
2	44	0.04911258444190025
7	15	0.0489923357963562
4	47	0.04897621273994446
3	27	0.04873266816139221
18	46	0.04864900931715965
17	45	0.0481824055314064
15	25	0.04702026769518852
4	18	0.0462651401758194
7	47	0.04626237973570824
6	54	0.046031322330236435
3	28	0.044174063950777054
5	26	0.044166672974824905
22	42	0.04308263584971428
10	49	0.042884357273578644
5	24	0.04228716343641281
5	22	0.042210906744003296
3	19	0.04102099686861038
15	30	0.040688030421733856
3	12	0.04045409709215164
38	55	0.04041032865643501
2	10	0.039880115538835526
36	44	0.03984064981341362
4	29	0.03972353786230087
6	11	0.039607539772987366
2	45	0.03959332033991814
2	11	0.03938779979944229
46	52	0.03926260024309158
1	29	0.03905874118208885
20	32	0.03874524310231209
39	52	0.03850853815674782
5	29	0.03790982812643051
13	50	0.037250369787216187
38	54	0.03701899200677872
3	21	0.036992162466049194
4	33	0.03677895665168762
2	35	0.03639993071556091
8	25	0.035136878490448
39	55	0.03457361459732056
5	15	0.03441871330142021
4	11	0.03428880125284195
18	34	0.0341055653989315
2	27	0.03398884832859039
1	20	0.03353861719369888
4	19	0.03342459350824356
33	44	0.03316064924001694
1	28	0.03308027982711792
2	37	0.03274889290332794
1	47	0.03239375352859497
30	53	0.032260313630104065
1	9	0.032158177345991135
1	49	0.031948789954185486
5	54	0.0318731814622879
5	11	0.0317758172750473
31	53	0.031773678958415985
18	32	0.031576380133628845
14	22	0.03126157447695732
4	27	0.03110704943537712
44	53	0.03084558993577957
2	29	0.030720911920070648
33	39	0.030513497069478035
41	52	0.030208729207515717
1	54	0.02998533472418785
1	53	0.02998119778931141
32	40	0.029614567756652832
30	54	0.029432255774736404
4	28	0.02939043939113617
5	27	0.029094841331243515
15	52	0.029027173295617104
7	26	0.029006415978074074
4	49	0.028940023854374886
1	19	0.028572814539074898
12	25	0.028082214295864105
1	18	0.027950521558523178
23	39	0.027768386527895927
31	55	0.027764447033405304
15	24	0.027694206684827805
40	54	0.02766721323132515
1	55	0.027524670585989952
2	43	0.027167335152626038
3	10	0.027128469198942184
23	29	0.02698957920074463
1	10	0.026968520134687424
2	28	0.026964783668518066
31	54	0.026921963319182396
7	30	0.026743058115243912
1	50	0.026673881337046623
4	9	0.02655281499028206
1	46	0.02590525709092617
5	32	0.02587345615029335
2	50	0.025836745277047157
1	51	0.02543485537171364
3	46	0.024903610348701477
2	12	0.024609647691249847
15	31	0.024532616138458252
1	36	0.02439170330762863
32	38	0.02430851012468338
30	55	0.024304034188389778
5	28	0.024109328165650368
4	46	0.024037085473537445
4	14	0.024020880460739136
24	34	0.02308814786374569
1	37	0.02223454788327217
9	52	0.021875910460948944
14	42	0.021729081869125366
4	20	0.021642373874783516
6	30	0.021389756351709366
24	37	0.020981736481189728
29	55	0.020967330783605576
9	15	0.020929697901010513
8	30	0.02086365409195423
10	51	0.020558834075927734
2	36	0.02047213912010193
15	33	0.020441848784685135
37	52	0.020131487399339676
34	45	0.020129360258579254
24	36	0.019939953461289406
6	48	0.019514866173267365
1	45	0.019159119576215744
23	42	0.019119570031762123
20	42	0.019050901755690575
19	34	0.018771864473819733
39	53	0.01872159168124199
5	10	0.018715061247348785
22	39	0.018628191202878952
3	20	0.01824636198580265
35	44	0.018151478841900826
5	21	0.018044013530015945
32	47	0.018036555498838425
15	35	0.01790425553917885
31	52	0.017814181745052338
18	41	0.017805609852075577
6	53	0.017596449702978134
11	53	0.01758825033903122
5	14	0.01746540144085884
7	23	0.01740945875644684
5	12	0.01739305816590786
1	15	0.01738862320780754
14	48	0.0172184519469738
41	55	0.017190169543027878
1	7	0.017178330570459366
8	53	0.016925737261772156
11	16	0.01687018573284149
32	43	0.016594545915722847
34	47	0.016574110835790634
22	52	0.016492629423737526
8	43	0.016286861151456833
48	53	0.016223279759287834
25	33	0.016033098101615906
23	28	0.0159381665289402
12	30	0.015799712389707565
21	39	0.015522360801696777
44	55	0.015467241406440735
26	32	0.015364225022494793
36	41	0.01531168445944786
31	36	0.015234428457915783
19	43	0.015121792443096638
1	8	0.01502925157546997
22	46	0.014771683141589165
8	16	0.01455686241388321
4	34	0.014535739086568356
10	48	0.014497301541268826
14	19	0.014286462217569351
23	35	0.014286031946539879
16	43	0.014161993749439716
11	55	0.014140869490802288
34	42	0.013864995911717415
12	52	0.01383393257856369
1	11	0.013814880512654781
14	49	0.013811117969453335
33	53	0.013808716088533401
4	55	0.013607501983642578
32	39	0.013569294475018978
18	52	0.013565436005592346
13	53	0.013546912930905819
21	43	0.01351247914135456
40	51	0.013500362634658813
32	54	0.013479495421051979
18	24	0.013356496579945087
6	29	0.013343030586838722
17	51	0.013290624134242535
8	22	0.013224242255091667
6	14	0.013217682018876076
43	48	0.013203605078160763
21	31	0.013179928064346313
1	52	0.012760734185576439
31	37	0.012722793966531754
7	13	0.012698277831077576
14	53	0.012573443353176117
8	44	0.012481050565838814
50	55	0.012338947504758835
3	37	0.011950934305787086
10	16	0.01190930139273405
12	31	0.011899515986442566
10	23	0.011798078194260597
8	32	0.011641653254628181
29	54	0.01156619843095541
1	12	0.011544870212674141
40	53	0.011515464633703232
7	24	0.011504292488098145
4	12	0.011498846113681793
47	55	0.011373655870556831
1	44	0.01134907454252243
6	12	0.010931165888905525
34	53	0.010914227925240993
14	55	0.010876337066292763
1	38	0.010800681076943874
40	47	0.010663279332220554
43	53	0.010590653866529465
49	54	0.010364365763962269
10	25	0.0103508485481143
31	40	0.010345662012696266
33	52	0.01025412417948246
6	52	0.010212535038590431
10	46	0.010152662172913551
18	55	0.010042966343462467
2	38	0.009989939630031586
46	51	0.009974222630262375
1	16	0.009972920641303062
12	47	0.009952500462532043
8	17	0.00990123488008976
33	51	0.009866341948509216
1	14	0.009860854595899582
19	32	0.009839316830039024
38	53	0.009829385206103325
2	42	0.009808733128011227
2	16	0.009797431528568268
34	51	0.009773887693881989
11	54	0.00975249893963337
21	40	0.00973546877503395
5	47	0.009666712954640388
40	55	0.009626306593418121
28	55	0.009600918740034103
19	33	0.00957881473004818
29	53	0.009574471972882748
6	26	0.009543225169181824
9	54	0.009508445858955383
8	31	0.009353936649858952
44	50	0.009334161877632141
37	53	0.009265368804335594
11	18	0.009255453944206238
7	22	0.009230987168848515
19	24	0.009203927591443062
44	49	0.009153688326478004
11	23	0.009152060374617577
1	6	0.009093128144741058
5	33	0.009014769457280636
3	44	0.00883478857576847
8	54	0.008728526532649994
8	19	0.00863813329488039
2	39	0.008617875166237354
22	41	0.008533287793397903
37	51	0.008520761504769325
7	29	0.008427365683019161
37	54	0.008405772969126701
6	15	0.008332096971571445
22	55	0.008281012997031212
45	52	0.00825155433267355
24	38	0.008172901347279549
6	55	0.008168327622115612
5	18	0.008137849159538746
32	55	0.00808414164930582
20	31	0.008078056387603283
6	25	0.00794842280447483
37	46	0.007934173569083214
32	48	0.00788486935198307
7	31	0.00783819705247879
2	17	0.007837546989321709
2	13	0.007837210781872272
12	26	0.007816373370587826
4	10	0.007796688005328178
23	46	0.00769087253138423
31	39	0.007682212628424168
34	48	0.007677049841731787
1	39	0.007665710523724556
19	41	0.0076361107639968395
12	29	0.007617137394845486
7	18	0.0075954869389534
24	35	0.00756765715777874
38	52	0.007513867691159248
5	55	0.007511913776397705
19	35	0.007479643914848566
23	41	0.007469711359590292
4	44	0.007464841939508915
23	52	0.007438193075358868
15	46	0.007399364374577999
9	53	0.007334147579967976
7	27	0.0073292311280965805
35	43	0.007288455031812191
8	24	0.007229723501950502
3	16	0.007193869911134243
11	43	0.007164367474615574
34	52	0.007126695476472378
3	35	0.007111283019185066
17	55	0.007000458426773548
10	50	0.006988554261624813
15	47	0.006968355737626553
3	45	0.006935673765838146
11	50	0.006891031749546528
32	45	0.006858200766146183
2	41	0.006815195083618164
48	54	0.006791172549128532
40	45	0.006783941760659218
18	47	0.006738193333148956
33	50	0.006724755745381117
39	45	0.0066882167011499405
6	27	0.006673404481261969
5	34	0.006629348732531071
3	43	0.00662659527733922
4	43	0.006603918969631195
15	20	0.006596923805773258
12	23	0.0065871672704815865
33	54	0.0065420824103057384
47	54	0.006499208975583315
23	47	0.00649021752178669
15	55	0.006485792808234692
11	30	0.0064841583371162415
46	53	0.00640077143907547
11	32	0.00636938214302063
3	36	0.006349192000925541
9	46	0.006326192058622837
16	34	0.006310796830803156
30	51	0.0063046859577298164
17	22	0.0062913717702031136
33	55	0.006280470173805952
8	45	0.006265976466238499
25	42	0.006259670481085777
25	37	0.006229953840374947
17	54	0.006200515199452639
13	54	0.006155188195407391
12	51	0.006139857694506645
48	55	0.006133012007921934
17	41	0.006109551526606083
3	13	0.006074863485991955
6	24	0.005990379489958286
6	28	0.005952724255621433
12	28	0.005943227559328079
24	40	0.005919225513935089
43	54	0.005915801040828228
3	38	0.005866714753210545
12	35	0.00584760494530201
28	54	0.005813712254166603
22	29	0.0057950192131102085
41	53	0.005794762633740902
14	54	0.005787888076156378
10	24	0.00576379569247365
23	55	0.005745284259319305
6	18	0.005734305828809738
37	55	0.0057311467826366425
5	19	0.005707776639610529
17	44	0.005705542862415314
14	45	0.005699814297258854
12	53	0.005691436119377613
49	55	0.0056851827539503574
8	26	0.0056793587282299995
35	41	0.005611575208604336
18	33	0.005607374012470245
33	41	0.005586912389844656
32	41	0.0055670421570539474
12	32	0.00554533489048481
1	13	0.005536168348044157
4	37	0.0055302465334534645
6	31	0.005520319566130638
1	43	0.005480082705616951
10	30	0.005466490052640438
4	45	0.005435705650597811
14	50	0.005391962360590696
26	33	0.005363073665648699
12	49	0.0053253574296832085
34	54	0.005314986687153578
15	21	0.005302725825458765
33	43	0.005280701909214258
32	50	0.005276439245790243
37	45	0.005268506705760956
8	29	0.005250816233456135
25	36	0.005239935126155615
10	18	0.005235310643911362
39	51	0.005234431475400925
25	43	0.005215014331042767
10	53	0.005204501561820507
7	28	0.005188492126762867
18	35	0.00516953831538558
21	55	0.005140358116477728
1	17	0.005136905703693628
20	30	0.0051160696893930435
15	38	0.005098436493426561
16	23	0.005093996413052082
23	45	0.005093744955956936
11	25	0.005067924037575722
19	55	0.005018491297960281
34	55	0.005010961089283228
9	25	0.005007147789001465
24	55	0.005003897473216057
27	55	0.005002232268452644
1	41	0.00498529989272356
12	24	0.0049833934754133224
2	40	0.004951497074216604
13	55	0.004929578397423029
16	40	0.004919198341667652
37	48	0.004917777143418789
16	47	0.004906282294541597
1	42	0.00487805251032114
11	45	0.004865748807787895
31	51	0.004865655209869146
5	16	0.004863929934799671
29	52	0.004859603010118008
32	42	0.004798281937837601
11	17	0.004795953165739775
3	17	0.004766905680298805
7	34	0.004746284335851669
24	43	0.004736137576401234
10	54	0.004711379297077656
27	32	0.004697591997683048
12	54	0.0046851132065057755
45	54	0.004662722814828157
9	16	0.004662081599235535
22	54	0.004654848948121071
6	22	0.004649457987397909
6	23	0.004627813119441271
5	45	0.00462358770892024
16	55	0.004620551131665707
13	42	0.0045981639996171
4	35	0.004595109727233648
8	34	0.004577891901135445
20	46	0.004571044351905584
21	30	0.004560043103992939
18	45	0.0045487284660339355
30	40	0.00454375147819519
18	44	0.004523243755102158
25	55	0.004505598917603493
15	28	0.004476276692003012
45	55	0.004441208206117153
29	42	0.004436169750988483
30	45	0.004425108432769775
6	47	0.004404142498970032
8	55	0.004398932680487633
17	34	0.004374977201223373
35	52	0.004362278617918491
38	51	0.0043556238524615765
12	48	0.00435040844604373
25	52	0.00434340164065361
12	27	0.004334275610744953
15	40	0.004299885127693415
33	47	0.004295289982110262
5	13	0.004289235919713974
7	16	0.004287202842533588
15	42	0.0042771389707922935
36	55	0.004270598292350769
16	22	0.004233123734593391
10	22	0.004226411692798138
10	26	0.004223950207233429
35	53	0.004216989502310753
7	32	0.004213470965623856
1	40	0.004205690696835518
8	27	0.004198875743895769
28	53	0.004198688082396984
36	53	0.0041969893500208855
45	50	0.0041966489516198635
15	27	0.00418707262724638
10	52	0.004175377078354359
32	49	0.004174395464360714
4	16	0.004173246677964926
34	50	0.004169422201812267
25	40	0.004158814437687397
24	52	0.004126180894672871
41	51	0.004125360399484634
36	42	0.004123060964047909
17	38	0.004077398218214512
12	46	0.004073568154126406
20	52	0.004061408340930939
3	39	0.004056459758430719
14	40	0.004051278345286846
35	51	0.004049811512231827
36	47	0.004047928377985954
15	29	0.004035464022308588
4	17	0.004034855403006077
11	22	0.004032434895634651
5	46	0.004029367119073868
9	55	0.00402743648737669
8	20	0.004013736732304096
20	41	0.003992149140685797
16	42	0.003990741912275553
6	16	0.00398937938734889
26	55	0.003985389601439238
12	22	0.0039851050823926926
39	47	0.003959047608077526
30	39	0.003957643173635006
10	28	0.003948379773646593
18	30	0.003946024924516678
17	53	0.00393793685361743
25	34	0.003927099052816629
40	48	0.003907432779669762
15	53	0.003892721375450492
35	55	0.0038889427669346333
36	54	0.0038836640305817127
8	28	0.003882395103573799
35	47	0.003880669828504324
6	34	0.0038736723363399506
24	42	0.003872835310176015
23	51	0.0038722229655832052
16	52	0.0038711766246706247
16	21	0.003870253683999181
4	36	0.0038644548039883375
21	42	0.0038627837784588337
16	32	0.0038468618877232075
30	42	0.003844830207526684
23	53	0.0038421861827373505
11	44	0.0038336815778166056
33	48	0.0038279714062809944
42	54	0.003817120799794793
34	46	0.003817063756287098
19	31	0.003816093085333705
12	34	0.0038039369974285364
23	54	0.0037988871335983276
11	31	0.003793596290051937
7	35	0.0037925043143332005
10	27	0.0037772851064801216
9	26	0.003774474374949932
10	55	0.0037712978664785624
7	33	0.0037643529940396547
8	35	0.0037625967524945736
5	20	0.003752687945961952
25	54	0.003751559881493449
25	53	0.0037498839665204287
11	24	0.003747306764125824
38	47	0.003727676346898079
5	35	0.00372691685333848
18	54	0.003723500296473503
7	19	0.0037091076374053955
25	45	0.0037059965543448925
4	13	0.003701169975101948
17	32	0.003698856569826603
7	46	0.003689571749418974
11	37	0.003676268272101879
45	51	0.0036593214608728886
28	52	0.003656005021184683
43	55	0.003646492725238204
30	44	0.003637318965047598
9	23	0.003635841654613614
27	54	0.0036349263973534107
4	42	0.003629961982369423
25	38	0.0036289826966822147
30	41	0.003623927477747202
3	42	0.0036229256074875593
18	31	0.0036132298409938812
36	52	0.0036119588185101748
4	38	0.003611946478486061
16	39	0.0036040660925209522
25	51	0.0036025666631758213
6	32	0.00359170394949615
40	46	0.003589604515582323
24	54	0.0035848745610564947
15	39	0.0035799010656774044
22	53	0.0035795890726149082
10	19	0.0035681198351085186
30	48	0.0035651717334985733
12	55	0.0035622785799205303
9	30	0.0035585248842835426
12	45	0.003546259831637144
42	51	0.0035389892291277647
25	39	0.0035242242738604546
8	33	0.003524081315845251
6	13	0.0035139056853950024
6	17	0.0035046273842453957
15	26	0.0035043004900217056
28	33	0.003503803163766861
30	36	0.0034970403648912907
6	21	0.003482049098238349
15	54	0.003480329178273678
34	49	0.0034803138114511967
27	53	0.003478198777884245
12	50	0.003472958691418171
10	29	0.003472225507721305
30	49	0.0034685074351727962
35	54	0.003468169132247567
14	32	0.0034615867771208286
17	48	0.0034609802532941103
22	51	0.003457232378423214
17	23	0.0034531005658209324
26	54	0.0034487596713006496
16	41	0.0034461594186723232
35	50	0.0034440201707184315
14	25	0.0034437798894941807
19	52	0.003436086233705282
7	21	0.0034284323919564486
10	32	0.003427445422858
31	41	0.003425232134759426
15	45	0.003414780367165804
22	47	0.003414026228711009
11	19	0.0034077116288244724
20	25	0.0034051553811877966
6	33	0.0034049763344228268
5	17	0.0034033304546028376
9	35	0.003401609603315592
29	45	0.00337909790687263
22	48	0.0033730710856616497
30	50	0.0033716377802193165
20	55	0.003369135083630681
46	55	0.003365560667589307
8	37	0.0033604404889047146
18	51	0.003359734546393156
21	54	0.0033560178708285093
6	19	0.0033558246213942766
9	18	0.0033551009837538004
42	52	0.0033548083156347275
13	25	0.0033526960760354996
46	54	0.0033489754423499107
14	20	0.0033475218806415796
28	42	0.003336547175422311
14	24	0.0033232239075005054
12	37	0.0033228923566639423
25	41	0.0033223270438611507
3	41	0.0033221798948943615
13	18	0.0033163372427225113
19	54	0.0033146189525723457
42	47	0.0033126783091574907
35	42	0.003307450097054243
31	43	0.003304343670606613
38	45	0.003297800198197365
17	36	0.0032954327762126923
19	30	0.003292603651061654
11	28	0.0032874117605388165
28	45	0.0032845856621861458
30	35	0.0032843155786395073
29	36	0.003280399367213249
37	49	0.0032782177440822124
16	44	0.0032773299608379602
33	45	0.0032730046659708023
13	44	0.0032718083821237087
7	20	0.0032700938172638416
31	38	0.0032687936909496784
17	49	0.003261114237830043
13	23	0.003246625419706106
43	49	0.0032416845206171274
4	39	0.0032357643358409405
31	42	0.003229596186429262
22	45	0.00322937685996294
20	54	0.0032269321382045746
36	51	0.003226259723305702
7	17	0.0032259132713079453
30	47	0.0032243961468338966
23	48	0.00322435493580997
36	45	0.0032215092796832323
45	53	0.0032183725852519274
3	40	0.0032136416994035244
9	45	0.0032126507721841335
30	43	0.0032019810751080513
29	51	0.003180687315762043
33	42	0.003178661223500967
20	51	0.003173454664647579
13	22	0.0031512370333075523
37	50	0.003150257281959057
22	27	0.0031454572454094887
16	49	0.0031372434459626675
8	21	0.003137157065793872
13	37	0.0031361733563244343
10	17	0.0031357170082628727
13	45	0.0031346548348665237
35	45	0.0031293355859816074
35	49	0.0031287167221307755
10	45	0.0031284214928746223
30	37	0.0031259108800441027
20	47	0.003125016577541828
27	52	0.0031241963151842356
9	43	0.003113545011729002
15	51	0.0031131706200540066
9	37	0.0031091386917978525
25	44	0.003105844371020794
10	31	0.0031051752157509327
16	25	0.0031041051261126995
9	32	0.0031012753024697304
30	38	0.003095666179433465
16	36	0.003095276653766632
31	44	0.0030906121246516705
12	33	0.00308747380040586
27	45	0.003085861913859844
5	36	0.003080430906265974
20	45	0.003075938206166029
18	53	0.0030742643866688013
14	21	0.0030702045187354088
16	51	0.003066806122660637
15	41	0.0030605923384428024
26	53	0.0030583105981349945
16	30	0.0030520858708769083
32	46	0.0030512623488903046
15	48	0.0030474818777292967
18	25	0.003040425479412079
10	21	0.0030387656297534704
19	46	0.003036246635019779
35	48	0.003036163281649351
24	39	0.0030360696837306023
31	50	0.0030277292244136333
12	43	0.003025828395038843
29	34	0.0030182301998138428
10	20	0.003017663024365902
21	46	0.003012034809216857
26	45	0.003009201493114233
8	38	0.0030078100971877575
31	45	0.0030065039172768593
22	28	0.0030005217995494604
16	54	0.002999718300998211
5	37	0.0029996312223374844
13	24	0.002999202348291874
11	26	0.0029984815046191216
12	38	0.0029880437068641186
16	53	0.002987526822835207
41	49	0.002986813895404339
42	53	0.0029828879050910473
29	40	0.002980584278702736
18	48	0.002980295568704605
14	41	0.0029795903246849775
21	52	0.002977129304781556
6	20	0.0029752952978014946
11	29	0.0029725024942308664
26	52	0.0029705511406064034
9	17	0.002967412117868662
13	34	0.0029637236148118973
19	53	0.002955822506919503
33	49	0.002955737989395857
6	35	0.002955647185444832
26	37	0.002949556801468134
26	36	0.0029429984278976917
11	27	0.0029419520869851112
19	51	0.0029386181849986315
40	49	0.002938506193459034
42	55	0.0029340616893023252
12	17	0.00293235806748271
25	46	0.0029232166707515717
11	38	0.0029129511676728725
24	41	0.0029120896942913532
11	34	0.002907798858359456
14	39	0.0028964837547391653
28	36	0.002895629033446312
24	53	0.0028918804600834846
13	32	0.0028907814994454384
27	33	0.0028865071944892406
9	24	0.002884849440306425
12	20	0.00288122589699924
20	53	0.002875902224332094
7	37	0.0028720134869217873
9	34	0.002867490518838167
11	35	0.0028651882894337177
21	29	0.00286431354470551
16	45	0.002859975676983595
14	34	0.002856000792235136
10	43	0.0028512743301689625
12	19	0.002851038472726941
5	44	0.0028499767649918795
4	40	0.0028475166764110327
29	41	0.002839679829776287
9	38	0.0028394665569067
9	28	0.0028389962390065193
6	46	0.0028311621863394976
16	35	0.002830633195117116
21	41	0.0028287761379033327
29	50	0.002827470423653722
5	38	0.002823733491823077
35	46	0.002822880633175373
25	48	0.0028157439082860947
21	26	0.002811233513057232
8	42	0.0028108409605920315
25	47	0.0028054651338607073
16	50	0.002801787108182907
5	41	0.002796952147036791
21	53	0.0027968883514404297
43	50	0.0027960892766714096
24	51	0.0027875485830008984
4	41	0.0027866081800311804
9	41	0.002783895470201969
28	51	0.002783565316349268
20	48	0.002780796494334936
26	40	0.002778417430818081
6	45	0.0027770872693508863
16	29	0.0027759340591728687
5	39	0.0027714697644114494
14	30	0.0027709673158824444
5	42	0.0027685225941240788
28	41	0.002768028061836958
8	41	0.002766483696177602
21	45	0.002762503456324339
16	28	0.002760638017207384
41	46	0.002757101086899638
12	44	0.002752911765128374
18	49	0.0027526183985173702
29	37	0.0027483911253511906
10	35	0.002746358746662736
16	38	0.0027423505671322346
40	50	0.002737876493483782
6	37	0.0027371523901820183
31	48	0.0027367444708943367
20	49	0.0027285718824714422
23	49	0.0027274643070995808
28	48	0.002726316684857011
27	36	0.0027254358865320683
31	47	0.0027243923395872116
13	30	0.002724305260926485
9	27	0.0027240468189120293
9	40	0.002719556912779808
6	36	0.0027159787714481354
25	50	0.002712021116167307
28	47	0.0027113454416394234
19	25	0.00271106930449605
26	42	0.002709236228838563
30	46	0.0027077554259449244
22	49	0.0027059754356741905
19	27	0.0027046448085457087
9	29	0.002700401470065117
13	35	0.0026941783726215363
9	33	0.002693986054509878
24	45	0.0026934901252388954
28	40	0.0026916167698800564
17	25	0.002691502682864666
12	18	0.0026907576248049736
26	39	0.002688540145754814
20	50	0.002687026746571064
5	40	0.0026865042746067047
11	42	0.0026838607154786587
13	40	0.002682314720004797
12	40	0.0026808276306837797
28	44	0.0026736408472061157
5	43	0.002671277616173029
27	48	0.0026704410556703806
19	45	0.0026655648835003376
6	38	0.0026627620682120323
27	47	0.002659155987203121
29	48	0.002658695448189974
36	50	0.0026577631942927837
41	47	0.0026576570235192776
7	38	0.0026558637619018555
7	36	0.0026524567510932684
27	51	0.002647521672770381
11	20	0.002646306063979864
21	51	0.0026455321349203587
28	43	0.0026448573917150497
29	39	0.0026441856753081083
6	41	0.002643253654241562
14	38	0.0026422585360705853
28	37	0.0026410333812236786
22	50	0.002638105768710375
22	44	0.0026360705960541964
29	43	0.0026332600973546505
7	45	0.0026331190019845963
12	36	0.0026306966319680214
29	44	0.0026301660109311342
16	48	0.0026298901066184044
28	50	0.002629391849040985
41	50	0.002626288216561079
33	46	0.0026216297410428524
18	26	0.002621355466544628
16	24	0.0026213175151497126
23	50	0.002617877908051014
26	35	0.0026163384318351746
9	42	0.0026075802743434906
28	39	0.0026072515174746513
27	50	0.002606880385428667
16	27	0.0026063660625368357
38	46	0.0026054682675749063
41	48	0.002605311805382371
29	47	0.0026050610467791557
19	49	0.0026043227408081293
25	49	0.0026029034052044153
8	40	0.002602380234748125
17	30	0.0026007280685007572
28	34	0.002600269392132759
20	44	0.0025997862685471773
11	40	0.0025996356271207333
29	38	0.0025991066358983517
27	37	0.00259866239503026
31	46	0.0025986582040786743
10	34	0.0025977666955441236
28	46	0.0025946246460080147
36	49	0.002588286530226469
7	43	0.0025875060819089413
13	38	0.0025855875574052334
25	35	0.0025793719105422497
20	28	0.002579093212261796
13	28	0.002576560014858842
9	44	0.002573758363723755
12	41	0.0025724079459905624
13	21	0.002571285702288151
9	22	0.0025709979236125946
19	29	0.002570022828876972
17	35	0.0025650556199252605
26	34	0.0025622202083468437
39	46	0.002560978289693594
11	41	0.002560489345341921
20	29	0.002558882348239422
14	35	0.0025552543811500072
36	46	0.002550231060013175
26	41	0.0025478454772382975
10	37	0.0025477618910372257
6	39	0.002545633353292942
10	33	0.0025431006215512753
12	21	0.0025407555513083935
6	43	0.0025396766141057014
38	50	0.002538543427363038
16	31	0.002536142710596323
17	50	0.002535988576710224
8	36	0.0025315145030617714
27	42	0.0025284839794039726
26	51	0.0025265556760132313
13	19	0.0025250213220715523
7	41	0.0025243922136723995
27	46	0.0025239032693207264
11	33	0.002523573813959956
28	35	0.002519753761589527
6	42	0.0025149392895400524
16	33	0.002513743471354246
15	49	0.0025123318191617727
10	44	0.002510675461962819
17	33	0.002507985569536686
19	28	0.002507321070879698
11	21	0.00250423070974648
39	49	0.0025013391859829426
10	38	0.0025004828348755836
24	46	0.002498744986951351
31	49	0.0024963864125311375
20	27	0.0024890857748687267
27	35	0.0024882436264306307
11	36	0.0024879672564566135
26	38	0.0024863462895154953
42	50	0.002485094591975212
13	20	0.00248505431227386
13	29	0.0024827239103615284
26	43	0.0024806098081171513
9	21	0.0024803904816508293
18	27	0.00247971317730844
24	48	0.0024758363142609596
7	40	0.0024738062638789415
29	35	0.002469399245455861
39	48	0.002467811107635498
6	40	0.002467199694365263
9	36	0.0024670036509633064
26	48	0.0024668225087225437
14	28	0.002465673256665468
9	20	0.0024649868719279766
42	49	0.002464981283992529
21	28	0.0024630995467305183
17	31	0.002462351694703102
21	50	0.0024622860364615917
29	49	0.0024617610033601522
24	47	0.002458040602505207
18	28	0.0024577570147812366
17	29	0.002454738598316908
9	31	0.0024534254334867
18	29	0.002449733205139637
13	26	0.0024495269171893597
19	26	0.002448690589517355
27	40	0.0024445406161248684
27	41	0.0024440032429993153
38	49	0.002440630691125989
20	26	0.0024402793496847153
16	26	0.0024402784183621407
29	46	0.002436288632452488
13	27	0.0024352590553462505
26	47	0.002433941699564457
39	50	0.0024315938353538513
10	40	0.002429206855595112
19	44	0.002428151201456785
8	39	0.0024271467700600624
17	24	0.0024161876644939184
18	50	0.0024126050993800163
21	27	0.0024115736596286297
27	39	0.002410590648651123
26	46	0.002407388761639595
13	33	0.0024073580279946327
24	50	0.0024038138799369335
21	49	0.00240206066519022
28	38	0.0024017533287405968
24	49	0.0023954962380230427
13	31	0.0023948282469063997
13	41	0.0023912331089377403
9	39	0.0023843664675951004
6	44	0.0023837019689381123
14	27	0.002382110571488738
38	48	0.00237948726862669
7	39	0.0023754960857331753
27	44	0.002374372910708189
14	26	0.002373854164034128
27	49	0.002372191520407796
13	39	0.002371036447584629
26	50	0.002355549018830061
19	48	0.002351075876504183
10	41	0.0023508835583925247
28	49	0.002350068185478449
36	48	0.0023488225415349007
14	31	0.0023434460163116455
19	50	0.0023412525188177824
14	36	0.0023410902358591557
12	42	0.0023399358615279198
14	29	0.002339760074391961
12	39	0.0023380022030323744
17	28	0.002326629124581814
13	36	0.0023238719440996647
7	42	0.0023195650428533554
19	47	0.002311977092176676
26	49	0.002304959110915661
9	19	0.0023036650381982327
21	48	0.0023001476656645536
42	48	0.002298030536621809
27	43	0.0022910195402801037
17	27	0.002289227908477187
15	50	0.002285855822265148
21	44	0.002279542852193117
10	36	0.002273733029142022
10	39	0.0022722790017724037
10	42	0.0022646912839263678
21	47	0.002261275192722678
26	44	0.002258830703794956
17	26	0.002254907041788101
7	44	0.002246187999844551
11	39	0.002222573384642601
27	34	0.002219468355178833
27	38	0.002219273941591382
15	44	0.0021602539345622063
24	44	0.0021509993821382523
14	33	0.002046030480414629
