9	49	0.511
7	49	0.397
37	43	0.312
17	46	0.244
12	25	0.237
8	47	0.234
9	48	0.228
20	38	0.214
7	51	0.209
8	14	0.205
14	47	0.201
8	49	0.197
13	46	0.188
9	47	0.186
17	42	0.169
10	25	0.159
13	47	0.154
10	27	0.153
10	28	0.147
7	50	0.141
19	42	0.141
11	25	0.138
18	37	0.135
4	51	0.132
13	48	0.129
24	30	0.124
5	29	0.124
8	48	0.123
10	49	0.12
24	31	0.12
7	48	0.117
5	30	0.116
9	50	0.114
2	53	0.113
3	51	0.111
20	36	0.111
10	26	0.11
3	52	0.108
18	43	0.107
18	42	0.104
18	40	0.102
19	38	0.101
18	38	0.101
7	47	0.095
11	47	0.093
10	29	0.092
15	23	0.089
4	53	0.087
8	50	0.086
24	32	0.085
11	49	0.084
10	47	0.077
14	46	0.077
17	45	0.076
19	40	0.076
23	32	0.076
17	43	0.073
20	40	0.073
9	51	0.072
20	37	0.072
4	52	0.071
20	39	0.071
12	26	0.07
17	44	0.068
11	26	0.068
10	30	0.066
12	24	0.066
3	53	0.065
10	48	0.065
15	46	0.065
3	30	0.065
15	25	0.065
18	39	0.063
23	30	0.063
16	46	0.062
6	49	0.061
9	28	0.061
13	49	0.06
23	31	0.06
8	51	0.059
5	28	0.058
12	23	0.056
2	52	0.055
44	52	0.054
6	51	0.054
13	25	0.054
19	39	0.053
22	32	0.053
8	28	0.053
5	51	0.052
36	43	0.052
3	29	0.052
37	44	0.051
24	33	0.049
13	45	0.048
3	23	0.047
4	49	0.046
14	48	0.046
22	33	0.046
12	27	0.046
10	50	0.044
18	41	0.044
11	27	0.044
3	25	0.044
41	54	0.043
19	37	0.043
3	50	0.042
33	39	0.042
23	33	0.042
9	27	0.042
14	25	0.042
7	52	0.041
4	30	0.041
12	47	0.04
44	53	0.038
4	50	0.037
11	48	0.037
14	23	0.037
15	47	0.036
35	43	0.036
21	38	0.036
5	31	0.036
4	29	0.036
2	51	0.035
17	40	0.035
13	23	0.035
10	51	0.034
5	49	0.034
19	43	0.034
18	36	0.034
25	31	0.034
11	28	0.034
3	49	0.033
5	27	0.033
19	41	0.032
8	30	0.032
8	29	0.032
3	24	0.032
7	53	0.031
1	53	0.031
1	52	0.031
22	36	0.031
9	29	0.031
8	27	0.031
21	37	0.029
21	36	0.029
19	36	0.029
3	31	0.029
10	24	0.029
44	54	0.028
38	45	0.028
15	24	0.028
13	24	0.027
3	10	0.027
8	52	0.026
11	46	0.026
5	52	0.025
37	45	0.025
11	24	0.025
11	23	0.025
6	50	0.024
5	50	0.023
18	44	0.023
17	41	0.023
23	29	0.023
14	24	0.023
3	54	0.022
43	52	0.022
14	45	0.022
21	33	0.022
9	30	0.022
9	26	0.022
45	52	0.021
44	51	0.021
6	29	0.021
8	25	0.021
25	52	0.02
38	44	0.02
22	31	0.02
22	30	0.02
3	28	0.02
3	22	0.02
40	54	0.019
45	53	0.019
5	53	0.019
6	52	0.019
12	46	0.019
9	46	0.019
20	42	0.019
20	41	0.019
22	37	0.019
24	34	0.019
23	34	0.019
22	34	0.019
20	34	0.019
6	30	0.019
15	21	0.019
2	43	0.018
13	50	0.017
3	48	0.017
34	43	0.017
1	43	0.017
22	38	0.017
20	35	0.017
21	34	0.017
3	32	0.017
7	28	0.017
1	23	0.017
15	22	0.017
1	20	0.017
1	19	0.017
41	52	0.016
30	52	0.016
23	52	0.016
2	47	0.016
32	39	0.016
21	39	0.016
25	32	0.016
21	32	0.016
4	31	0.016
11	29	0.016
3	21	0.016
1	14	0.016
41	53	0.015
6	53	0.015
9	52	0.015
30	51	0.015
1	51	0.015
16	47	0.015
1	47	0.015
8	46	0.015
1	42	0.015
1	32	0.015
1	31	0.015
7	30	0.015
3	27	0.015
8	26	0.015
3	14	0.015
1	55	0.014
39	54	0.014
2	50	0.014
3	47	0.014
16	43	0.014
3	43	0.014
16	42	0.014
1	39	0.014
1	36	0.014
5	32	0.014
2	31	0.014
11	30	0.014
12	28	0.014
3	26	0.014
2	23	0.014
2	19	0.014
8	15	0.014
3	9	0.014
2	54	0.013
43	53	0.013
29	52	0.013
10	46	0.013
16	45	0.013
36	44	0.013
2	42	0.013
31	37	0.013
1	37	0.013
23	36	0.013
6	28	0.013
9	25	0.013
1	15	0.013
1	7	0.013
44	55	0.012
43	54	0.012
1	54	0.012
29	53	0.012
42	52	0.012
10	52	0.012
43	51	0.012
14	49	0.012
12	48	0.012
6	48	0.012
18	45	0.012
33	43	0.012
33	40	0.012
17	39	0.012
2	39	0.012
24	36	0.012
2	29	0.012
14	26	0.012
13	26	0.012
5	25	0.012
10	23	0.012
4	23	0.012
3	20	0.012
4	10	0.012
3	55	0.011
2	55	0.011
8	53	0.011
40	52	0.011
24	52	0.011
45	51	0.011
29	51	0.011
13	51	0.011
44	50	0.011
11	50	0.011
2	48	0.011
6	47	0.011
2	46	0.011
15	45	0.011
2	45	0.011
1	40	0.011
20	33	0.011
2	30	0.011
1	30	0.011
7	29	0.011
1	29	0.011
6	27	0.011
5	26	0.011
16	25	0.011
3	19	0.011
3	16	0.011
3	11	0.011
1	10	0.011
41	55	0.01
31	52	0.01
26	52	0.01
21	52	0.01
13	52	0.01
25	51	0.01
12	49	0.01
39	45	0.01
16	44	0.01
33	42	0.01
21	40	0.01
31	39	0.01
22	39	0.01
22	35	0.01
20	32	0.01
10	31	0.01
4	25	0.01
16	23	0.01
1	22	0.01
1	18	0.01
10	16	0.01
1	16	0.01
7	14	0.01
1	8	0.01
39	55	0.009
45	54	0.009
42	54	0.009
4	54	0.009
28	52	0.009
22	52	0.009
23	51	0.009
30	50	0.009
30	49	0.009
2	49	0.009
1	48	0.009
11	45	0.009
35	44	0.009
34	42	0.009
1	41	0.009
3	39	0.009
1	38	0.009
30	37	0.009
30	36	0.009
24	35	0.009
7	27	0.009
2	25	0.009
1	25	0.009
2	21	0.009
1	21	0.009
2	20	0.009
3	18	0.009
2	16	0.009
9	15	0.009
3	15	0.009
2	14	0.009
3	13	0.009
1	13	0.009
1	11	0.009
2	8	0.009
29	55	0.008
4	55	0.008
30	53	0.008
9	53	0.008
46	52	0.008
27	52	0.008
31	51	0.008
4	47	0.008
3	46	0.008
1	46	0.008
34	45	0.008
3	45	0.008
33	44	0.008
13	44	0.008
3	44	0.008
14	43	0.008
35	42	0.008
34	40	0.008
3	40	0.008
17	38	0.008
2	37	0.008
21	35	0.008
1	34	0.008
3	33	0.008
1	33	0.008
12	30	0.008
4	28	0.008
1	26	0.008
5	23	0.008
14	22	0.008
3	17	0.008
1	12	0.008
43	55	0.007
30	54	0.007
29	54	0.007
42	53	0.007
40	53	0.007
26	53	0.007
10	53	0.007
32	52	0.007
28	51	0.007
26	51	0.007
24	51	0.007
43	50	0.007
1	50	0.007
1	49	0.007
5	48	0.007
4	48	0.007
12	45	0.007
8	45	0.007
1	45	0.007
34	44	0.007
2	44	0.007
1	44	0.007
30	43	0.007
20	43	0.007
13	43	0.007
30	42	0.007
34	41	0.007
16	40	0.007
30	39	0.007
23	37	0.007
3	37	0.007
5	34	0.007
3	34	0.007
5	33	0.007
6	31	0.007
1	28	0.007
2	24	0.007
1	24	0.007
11	21	0.007
8	16	0.007
2	10	0.007
1	9	0.007
45	55	0.006
42	55	0.006
40	55	0.006
30	55	0.006
28	55	0.006
21	55	0.006
46	53	0.006
31	53	0.006
28	53	0.006
14	52	0.006
27	51	0.006
14	51	0.006
15	48	0.006
18	46	0.006
33	45	0.006
19	44	0.006
32	42	0.006
31	42	0.006
21	42	0.006
13	42	0.006
33	41	0.006
31	40	0.006
30	40	0.006
29	40	0.006
2	40	0.006
32	38	0.006
2	38	0.006
24	37	0.006
17	37	0.006
3	36	0.006
2	36	0.006
23	35	0.006
28	34	0.006
25	33	0.006
26	32	0.006
2	32	0.006
21	31	0.006
8	31	0.006
7	31	0.006
21	30	0.006
22	29	0.006
1	27	0.006
2	26	0.006
5	24	0.006
4	24	0.006
13	22	0.006
12	22	0.006
2	22	0.006
14	21	0.006
2	13	0.006
3	12	0.006
4	11	0.006
32	55	0.005
31	55	0.005
25	55	0.005
23	55	0.005
22	55	0.005
6	55	0.005
39	53	0.005
25	53	0.005
24	53	0.005
23	53	0.005
13	53	0.005
39	52	0.005
20	52	0.005
42	51	0.005
41	51	0.005
32	51	0.005
11	51	0.005
29	50	0.005
23	50	0.005
14	50	0.005
29	49	0.005
30	47	0.005
17	47	0.005
40	46	0.005
7	46	0.005
36	45	0.005
9	45	0.005
30	44	0.005
32	43	0.005
31	43	0.005
29	43	0.005
36	42	0.005
14	42	0.005
31	41	0.005
30	41	0.005
21	41	0.005
2	41	0.005
32	40	0.005
22	40	0.005
29	39	0.005
31	38	0.005
3	38	0.005
29	37	0.005
29	36	0.005
1	35	0.005
18	34	0.005
4	32	0.005
14	30	0.005
13	30	0.005
12	29	0.005
2	28	0.005
4	27	0.005
15	26	0.005
6	26	0.005
17	23	0.005
8	23	0.005
11	22	0.005
11	18	0.005
2	18	0.005
1	17	0.005
9	16	0.005
2	15	0.005
38	55	0.004
36	55	0.004
33	55	0.004
27	55	0.004
26	55	0.004
24	55	0.004
20	55	0.004
13	55	0.004
12	55	0.004
10	55	0.004
8	55	0.004
7	55	0.004
5	55	0.004
32	54	0.004
23	54	0.004
22	54	0.004
21	54	0.004
7	54	0.004
6	54	0.004
47	53	0.004
33	53	0.004
32	53	0.004
27	53	0.004
18	52	0.004
12	52	0.004
11	52	0.004
40	51	0.004
33	51	0.004
12	51	0.004
42	50	0.004
31	50	0.004
31	49	0.004
41	47	0.004
40	47	0.004
29	47	0.004
5	47	0.004
38	46	0.004
34	46	0.004
30	45	0.004
10	45	0.004
31	44	0.004
14	44	0.004
25	43	0.004
29	42	0.004
15	42	0.004
3	42	0.004
35	41	0.004
29	41	0.004
3	41	0.004
23	39	0.004
30	38	0.004
23	38	0.004
29	35	0.004
18	35	0.004
19	34	0.004
8	34	0.004
19	33	0.004
6	32	0.004
11	31	0.004
22	28	0.004
14	28	0.004
13	27	0.004
2	27	0.004
7	26	0.004
4	26	0.004
7	25	0.004
8	24	0.004
12	21	0.004
5	18	0.004
4	18	0.004
11	17	0.004
7	15	0.004
6	14	0.004
4	14	0.004
2	12	0.004
5	11	0.004
2	11	0.004
2	9	0.004
47	55	0.003
46	55	0.003
37	55	0.003
35	55	0.003
34	55	0.003
18	55	0.003
17	55	0.003
14	55	0.003
11	55	0.003
9	55	0.003
38	54	0.003
37	54	0.003
28	54	0.003
27	54	0.003
25	54	0.003
24	54	0.003
13	54	0.003
11	54	0.003
10	54	0.003
8	54	0.003
5	54	0.003
21	53	0.003
17	53	0.003
12	53	0.003
11	53	0.003
33	52	0.003
17	52	0.003
16	52	0.003
21	51	0.003
41	50	0.003
28	50	0.003
25	50	0.003
12	50	0.003
30	48	0.003
29	48	0.003
28	48	0.003
39	47	0.003
37	47	0.003
31	47	0.003
28	47	0.003
25	47	0.003
39	46	0.003
37	46	0.003
33	46	0.003
30	46	0.003
19	46	0.003
35	45	0.003
32	45	0.003
29	45	0.003
32	44	0.003
28	43	0.003
26	43	0.003
15	43	0.003
11	43	0.003
8	43	0.003
32	41	0.003
16	41	0.003
14	41	0.003
28	40	0.003
27	40	0.003
23	40	0.003
28	39	0.003
24	39	0.003
16	39	0.003
4	39	0.003
29	38	0.003
28	38	0.003
24	38	0.003
28	37	0.003
16	37	0.003
14	37	0.003
5	37	0.003
25	35	0.003
19	35	0.003
3	35	0.003
26	33	0.003
8	33	0.003
19	32	0.003
10	32	0.003
8	32	0.003
7	32	0.003
14	31	0.003
13	31	0.003
9	31	0.003
20	30	0.003
13	28	0.003
14	27	0.003
6	25	0.003
16	24	0.003
9	24	0.003
9	23	0.003
6	23	0.003
16	22	0.003
5	22	0.003
4	22	0.003
13	21	0.003
5	21	0.003
4	21	0.003
14	20	0.003
13	20	0.003
12	20	0.003
11	20	0.003
12	18	0.003
10	17	0.003
2	17	0.003
5	14	0.003
4	13	0.003
49	55	0.002
48	55	0.002
19	55	0.002
16	55	0.002
15	55	0.002
46	54	0.002
36	54	0.002
35	54	0.002
34	54	0.002
33	54	0.002
31	54	0.002
26	54	0.002
20	54	0.002
17	54	0.002
16	54	0.002
14	54	0.002
12	54	0.002
9	54	0.002
38	53	0.002
35	53	0.002
34	53	0.002
22	53	0.002
20	53	0.002
18	53	0.002
16	53	0.002
14	53	0.002
37	52	0.002
35	52	0.002
34	52	0.002
19	52	0.002
15	52	0.002
39	51	0.002
34	51	0.002
22	51	0.002
18	51	0.002
17	51	0.002
15	51	0.002
40	50	0.002
33	50	0.002
32	50	0.002
27	50	0.002
26	50	0.002
24	50	0.002
22	50	0.002
21	50	0.002
43	49	0.002
42	49	0.002
32	49	0.002
28	49	0.002
27	49	0.002
26	49	0.002
25	49	0.002
23	49	0.002
15	49	0.002
42	48	0.002
27	48	0.002
26	48	0.002
17	48	0.002
16	48	0.002
38	47	0.002
34	47	0.002
33	47	0.002
32	47	0.002
27	47	0.002
26	47	0.002
24	47	0.002
23	47	0.002
32	46	0.002
31	46	0.002
29	46	0.002
28	46	0.002
27	46	0.002
26	46	0.002
6	46	0.002
4	46	0.002
31	45	0.002
28	45	0.002
27	45	0.002
19	45	0.002
7	45	0.002
4	45	0.002
29	44	0.002
15	44	0.002
12	44	0.002
11	44	0.002
27	43	0.002
24	43	0.002
22	43	0.002
21	43	0.002
10	43	0.002
4	43	0.002
28	42	0.002
25	42	0.002
22	42	0.002
22	41	0.002
13	41	0.002
25	40	0.002
24	40	0.002
14	40	0.002
13	40	0.002
5	40	0.002
4	40	0.002
25	39	0.002
14	39	0.002
16	38	0.002
25	37	0.002
8	37	0.002
28	36	0.002
25	36	0.002
2	35	0.002
27	34	0.002
26	34	0.002
25	34	0.002
14	34	0.002
11	34	0.002
7	34	0.002
6	34	0.002
4	34	0.002
2	34	0.002
27	33	0.002
18	33	0.002
7	33	0.002
6	33	0.002
4	33	0.002
2	33	0.002
18	32	0.002
14	32	0.002
13	32	0.002
11	32	0.002
20	31	0.002
18	31	0.002
15	31	0.002
12	31	0.002
18	30	0.002
15	30	0.002
21	29	0.002
14	29	0.002
13	29	0.002
21	28	0.002
15	28	0.002
21	27	0.002
15	27	0.002
20	26	0.002
19	25	0.002
18	25	0.002
17	25	0.002
7	24	0.002
6	24	0.002
7	23	0.002
10	22	0.002
8	22	0.002
10	21	0.002
8	21	0.002
8	20	0.002
5	20	0.002
4	20	0.002
13	19	0.002
12	19	0.002
11	19	0.002
5	19	0.002
4	19	0.002
10	18	0.002
8	18	0.002
8	17	0.002
4	17	0.002
5	16	0.002
4	16	0.002
6	15	0.002
5	15	0.002
4	15	0.002
5	13	0.002
4	12	0.002
48	54	0.001
47	54	0.001
19	54	0.001
18	54	0.001
15	54	0.001
37	53	0.001
36	53	0.001
19	53	0.001
15	53	0.001
38	52	0.001
36	52	0.001
38	51	0.001
37	51	0.001
35	51	0.001
20	51	0.001
19	51	0.001
16	51	0.001
39	50	0.001
37	50	0.001
35	50	0.001
34	50	0.001
20	50	0.001
19	50	0.001
18	50	0.001
17	50	0.001
16	50	0.001
15	50	0.001
41	49	0.001
40	49	0.001
37	49	0.001
35	49	0.001
34	49	0.001
33	49	0.001
24	49	0.001
22	49	0.001
21	49	0.001
20	49	0.001
19	49	0.001
18	49	0.001
17	49	0.001
16	49	0.001
41	48	0.001
40	48	0.001
37	48	0.001
34	48	0.001
33	48	0.001
32	48	0.001
31	48	0.001
25	48	0.001
24	48	0.001
23	48	0.001
22	48	0.001
21	48	0.001
20	48	0.001
18	48	0.001
36	47	0.001
35	47	0.001
22	47	0.001
21	47	0.001
20	47	0.001
19	47	0.001
18	47	0.001
36	46	0.001
35	46	0.001
25	46	0.001
24	46	0.001
23	46	0.001
22	46	0.001
21	46	0.001
20	46	0.001
5	46	0.001
26	45	0.001
25	45	0.001
24	45	0.001
21	45	0.001
20	45	0.001
6	45	0.001
5	45	0.001
28	44	0.001
27	44	0.001
26	44	0.001
25	44	0.001
24	44	0.001
23	44	0.001
21	44	0.001
20	44	0.001
10	44	0.001
9	44	0.001
8	44	0.001
7	44	0.001
6	44	0.001
5	44	0.001
4	44	0.001
23	43	0.001
12	43	0.001
9	43	0.001
7	43	0.001
6	43	0.001
5	43	0.001
27	42	0.001
26	42	0.001
24	42	0.001
23	42	0.001
12	42	0.001
11	42	0.001
10	42	0.001
8	42	0.001
6	42	0.001
5	42	0.001
4	42	0.001
28	41	0.001
27	41	0.001
25	41	0.001
24	41	0.001
23	41	0.001
15	41	0.001
12	41	0.001
11	41	0.001
10	41	0.001
8	41	0.001
5	41	0.001
4	41	0.001
26	40	0.001
15	40	0.001
12	40	0.001
11	40	0.001
10	40	0.001
8	40	0.001
7	40	0.001
6	40	0.001
27	39	0.001
26	39	0.001
15	39	0.001
13	39	0.001
12	39	0.001
11	39	0.001
10	39	0.001
8	39	0.001
6	39	0.001
5	39	0.001
27	38	0.001
26	38	0.001
25	38	0.001
15	38	0.001
14	38	0.001
13	38	0.001
12	38	0.001
11	38	0.001
8	38	0.001
6	38	0.001
5	38	0.001
4	38	0.001
27	37	0.001
26	37	0.001
15	37	0.001
13	37	0.001
12	37	0.001
11	37	0.001
10	37	0.001
9	37	0.001
7	37	0.001
6	37	0.001
4	37	0.001
27	36	0.001
26	36	0.001
17	36	0.001
16	36	0.001
14	36	0.001
11	36	0.001
8	36	0.001
6	36	0.001
5	36	0.001
4	36	0.001
28	35	0.001
27	35	0.001
26	35	0.001
14	35	0.001
11	35	0.001
10	35	0.001
9	35	0.001
8	35	0.001
6	35	0.001
5	35	0.001
4	35	0.001
17	34	0.001
16	34	0.001
15	34	0.001
13	34	0.001
12	34	0.001
10	34	0.001
9	34	0.001
16	33	0.001
15	33	0.001
14	33	0.001
13	33	0.001
12	33	0.001
11	33	0.001
10	33	0.001
9	33	0.001
17	32	0.001
16	32	0.001
15	32	0.001
12	32	0.001
9	32	0.001
19	31	0.001
17	31	0.001
16	31	0.001
19	30	0.001
17	30	0.001
16	30	0.001
20	29	0.001
19	29	0.001
18	29	0.001
16	29	0.001
15	29	0.001
20	28	0.001
19	28	0.001
18	28	0.001
17	28	0.001
16	28	0.001
20	27	0.001
19	27	0.001
18	27	0.001
16	27	0.001
19	26	0.001
18	26	0.001
17	26	0.001
16	26	0.001
18	24	0.001
17	24	0.001
9	22	0.001
7	22	0.001
6	22	0.001
9	21	0.001
7	21	0.001
6	21	0.001
10	20	0.001
7	20	0.001
6	20	0.001
10	19	0.001
8	19	0.001
7	19	0.001
6	19	0.001
9	18	0.001
7	18	0.001
6	18	0.001
9	17	0.001
5	17	0.001
7	16	0.001
6	16	0.001
7	13	0.001
6	13	0.001
6	12	0.001
5	12	0.001
36	51	0.0
38	50	0.0
36	50	0.0
39	49	0.0
38	49	0.0
36	49	0.0
39	48	0.0
38	48	0.0
36	48	0.0
35	48	0.0
19	48	0.0
23	45	0.0
22	45	0.0
22	44	0.0
9	42	0.0
7	42	0.0
26	41	0.0
9	41	0.0
7	41	0.0
6	41	0.0
9	40	0.0
9	39	0.0
7	39	0.0
10	38	0.0
9	38	0.0
7	38	0.0
15	36	0.0
13	36	0.0
12	36	0.0
10	36	0.0
9	36	0.0
7	36	0.0
17	35	0.0
16	35	0.0
15	35	0.0
13	35	0.0
12	35	0.0
7	35	0.0
17	33	0.0
17	29	0.0
17	27	0.0
9	20	0.0
9	19	0.0
7	17	0.0
6	17	0.0
