43	46	0.99092
22	32	0.98966
24	31	0.98927
23	32	0.98924
23	30	0.98923
23	31	0.98409
22	33	0.98288
33	36	0.98038
22	36	0.97979
25	30	0.97716
18	22	0.97582
15	18	0.97027
44	47	0.96927
17	46	0.96906
24	30	0.96775
18	43	0.96706
43	47	0.96516
14	17	0.96515
47	51	0.94928
14	47	0.94844
14	43	0.94441
14	18	0.94075
22	37	0.93908
26	29	0.93683
41	44	0.9341
34	37	0.93252
15	23	0.93252
42	45	0.92864
8	47	0.92363
17	43	0.92002
18	23	0.91459
14	46	0.91251
42	46	0.90861
4	52	0.89842
8	51	0.89657
18	40	0.87684
44	52	0.87395
33	37	0.8703
18	37	0.86534
32	37	0.84455
4	30	0.84342
13	46	0.84126
20	38	0.841
37	40	0.84011
3	55	0.83847
4	51	0.83594
2	54	0.83193
13	47	0.83099
47	50	0.82881
20	37	0.8272
24	33	0.82578
18	21	0.82232
26	30	0.8162
18	42	0.81577
4	8	0.81526
9	49	0.81458
4	32	0.81252
12	15	0.81078
23	33	0.80921
40	43	0.80915
15	25	0.80676
17	42	0.8057
26	31	0.8024
2	53	0.79543
1	55	0.79149
9	48	0.78053
2	32	0.77556
7	51	0.77506
3	53	0.77408
20	36	0.77129
3	52	0.76905
12	25	0.76702
15	24	0.75511
2	52	0.74314
3	31	0.7404
3	30	0.7399
41	45	0.73228
1	54	0.72713
14	23	0.7247
2	55	0.72201
7	49	0.71793
8	30	0.71502
3	29	0.714
9	47	0.71311
2	31	0.70192
1	32	0.69806
8	11	0.6949
11	47	0.68667
1	34	0.67867
10	30	0.67721
1	33	0.67208
8	49	0.66494
47	52	0.66355
25	31	0.65825
5	8	0.65767
43	52	0.64963
21	36	0.64821
44	51	0.64362
13	16	0.63902
3	32	0.63883
1	31	0.6379
25	29	0.63775
37	43	0.62628
5	51	0.6197
6	9	0.59735
4	31	0.59211
11	14	0.57462
19	42	0.5543
13	48	0.54599
4	29	0.5347
3	54	0.51735
19	40	0.51734
5	30	0.51706
8	48	0.50956
19	38	0.49412
4	53	0.48706
5	29	0.48462
7	50	0.48418
11	30	0.48102
8	52	0.47285
24	32	0.47219
32	43	0.4687
2	34	0.46817
13	17	0.46674
41	52	0.46257
18	38	0.45969
40	44	0.45861
8	14	0.45853
9	51	0.44145
5	28	0.44056
5	53	0.44039
11	25	0.4392
15	43	0.43343
5	52	0.43271
44	50	0.4317
9	30	0.42741
40	52	0.42682
22	40	0.42564
4	14	0.42155
9	12	0.4206
10	25	0.41726
21	33	0.4144
20	40	0.41344
43	51	0.40531
10	28	0.39795
4	7	0.39218
9	13	0.3901
11	48	0.38966
22	43	0.38515
12	16	0.38459
10	29	0.38447
50	53	0.37927
23	43	0.37662
44	53	0.36973
4	9	0.36714
32	40	0.36456
6	28	0.36425
34	40	0.36321
19	37	0.36271
8	12	0.3561
11	15	0.34577
6	51	0.3434
17	40	0.33836
15	30	0.33678
7	10	0.33595
39	42	0.33214
12	30	0.32847
32	36	0.32125
22	34	0.31905
8	43	0.3143
34	38	0.30387
18	46	0.30185
5	9	0.29662
14	44	0.29624
36	39	0.2881
23	37	0.28179
37	42	0.27832
34	39	0.27784
44	54	0.27782
4	47	0.27465
35	38	0.26813
2	33	0.26798
8	13	0.25925
36	40	0.25692
6	49	0.25682
4	43	0.25279
8	32	0.2516
10	13	0.24888
19	43	0.24769
4	44	0.24694
14	30	0.24622
8	50	0.24163
7	30	0.23341
18	32	0.23175
37	41	0.23049
11	23	0.22598
10	26	0.22237
1	37	0.21677
17	47	0.21625
7	48	0.21563
21	24	0.21455
6	29	0.2138
39	43	0.21143
14	25	0.20832
10	27	0.20587
7	11	0.20048
6	50	0.19982
48	51	0.19825
27	30	0.19744
21	37	0.19694
20	39	0.18701
11	46	0.18533
7	28	0.18476
13	25	0.18221
10	47	0.18146
8	23	0.17987
35	39	0.17611
8	44	0.17596
12	23	0.1723
17	45	0.17196
6	30	0.17153
22	38	0.16997
16	46	0.16881
9	14	0.16872
39	52	0.16731
7	47	0.16703
5	50	0.16621
14	52	0.1597
9	31	0.15871
8	29	0.15838
14	51	0.15553
6	10	0.15459
19	22	0.15117
9	32	0.14979
38	41	0.14825
2	14	0.14796
34	43	0.14681
8	25	0.14654
10	14	0.14629
2	37	0.14582
14	22	0.14412
18	39	0.14402
10	31	0.14344
14	42	0.14294
8	31	0.14284
4	11	0.14038
1	23	0.13775
45	50	0.13742
22	35	0.13544
14	48	0.13524
39	54	0.13427
17	23	0.13359
14	40	0.13344
18	36	0.13138
4	13	0.13004
41	54	0.12874
15	37	0.12863
38	42	0.12811
7	29	0.1258
45	48	0.12511
13	43	0.12466
12	47	0.12438
25	28	0.12304
2	23	0.1216
3	51	0.12031
10	48	0.11938
4	40	0.11922
4	34	0.11908
34	41	0.11869
11	49	0.11785
9	28	0.11718
14	37	0.11673
12	26	0.11633
9	50	0.11629
1	53	0.11618
12	24	0.11468
2	30	0.11224
11	26	0.11172
20	43	0.11168
14	32	0.11159
19	36	0.11111
23	40	0.1107
7	52	0.11059
46	51	0.11002
15	22	0.10978
9	25	0.10785
1	35	0.10734
8	28	0.10609
11	29	0.10524
20	23	0.1051
8	46	0.10298
11	43	0.10027
18	41	0.09933
45	52	0.0986
11	28	0.09813
1	22	0.09802
10	32	0.09718
11	51	0.09636
9	29	0.0949
4	49	0.09175
2	44	0.09149
20	33	0.09052
38	43	0.09027
1	36	0.08943
11	32	0.08892
32	42	0.08735
5	32	0.08456
5	49	0.08409
45	51	0.08393
12	27	0.08392
15	40	0.0833
24	27	0.08279
40	54	0.08061
2	13	0.0802
4	50	0.0799
1	15	0.07968
46	52	0.07768
44	49	0.07733
15	32	0.07709
11	27	0.07626
47	53	0.07586
14	24	0.07521
17	41	0.074
37	52	0.07396
20	42	0.07365
11	24	0.07361
40	51	0.07344
15	21	0.07168
2	29	0.07111
34	42	0.0709
19	41	0.07053
19	39	0.07049
33	40	0.07042
39	55	0.0695
32	38	0.06836
12	46	0.06821
32	47	0.06789
51	54	0.0676
2	41	0.06739
17	22	0.067
44	55	0.06693
9	52	0.06678
4	23	0.0666
2	39	0.06592
5	31	0.06588
6	27	0.0656
6	53	0.06548
11	52	0.06444
49	53	0.0642
44	48	0.0638
1	52	0.06305
7	14	0.06273
2	22	0.06272
2	18	0.06182
6	52	0.06096
3	34	0.06094
20	32	0.06078
7	27	0.06017
30	52	0.06016
12	48	0.06007
38	54	0.05935
3	8	0.05934
38	52	0.05917
39	44	0.05893
5	27	0.05872
18	47	0.05821
12	28	0.05775
49	52	0.05774
17	37	0.05763
35	40	0.05762
4	37	0.05729
1	20	0.05669
2	17	0.05645
32	52	0.05523
7	53	0.05518
3	28	0.05504
18	24	0.05476
37	44	0.0547
11	31	0.05286
7	26	0.05201
16	43	0.05063
1	29	0.05033
18	30	0.0501
36	43	0.04997
7	31	0.04997
3	25	0.04987
4	41	0.04986
41	53	0.04984
8	15	0.04981
27	31	0.04976
4	17	0.04965
46	50	0.04924
42	52	0.04893
5	25	0.04868
3	6	0.04858
6	48	0.04823
22	42	0.04818
14	45	0.04761
41	51	0.04758
52	55	0.04751
12	29	0.04742
9	26	0.04733
1	44	0.04712
4	39	0.04711
17	21	0.04651
4	25	0.0463
32	39	0.04612
5	47	0.04576
23	36	0.0453
7	25	0.04512
1	30	0.04504
5	54	0.04443
4	46	0.04428
33	38	0.04402
32	44	0.04394
1	39	0.04372
23	52	0.0437
10	15	0.04264
3	23	0.0426
20	41	0.04247
4	28	0.04245
16	19	0.04231
5	26	0.04201
31	34	0.04197
1	38	0.04187
32	46	0.04156
6	26	0.04139
40	47	0.04137
9	44	0.04125
43	53	0.04109
10	49	0.04071
4	12	0.04068
10	24	0.04054
41	55	0.04002
3	7	0.03997
7	32	0.03939
45	54	0.03901
16	21	0.03825
32	41	0.03806
2	40	0.03802
3	26	0.03789
39	53	0.03774
15	19	0.03764
2	15	0.03761
45	53	0.03746
16	40	0.03745
13	51	0.03741
7	12	0.03732
40	53	0.03702
9	27	0.0367
8	26	0.03667
24	29	0.03621
5	55	0.03617
8	24	0.03617
20	35	0.03577
17	44	0.03569
2	5	0.0353
30	47	0.03527
4	18	0.03503
5	14	0.03495
38	55	0.03486
5	34	0.03456
1	24	0.0344
15	31	0.03434
4	54	0.0342
13	18	0.03404
9	23	0.03392
15	46	0.0339
2	24	0.03386
34	44	0.03309
4	55	0.03279
2	36	0.03269
8	27	0.03262
9	46	0.03224
11	16	0.0321
16	23	0.03131
13	23	0.03119
13	30	0.03102
6	54	0.03084
12	43	0.03011
18	44	0.03008
8	18	0.02994
43	50	0.02962
11	44	0.02918
40	55	0.02893
40	45	0.02865
34	55	0.02863
1	18	0.02851
43	54	0.02813
13	49	0.02809
30	46	0.02793
3	27	0.0279
42	47	0.02786
1	40	0.02763
6	31	0.0276
21	38	0.02736
3	9	0.02734
2	38	0.02726
3	24	0.02707
50	54	0.0269
6	25	0.02682
15	38	0.02668
6	11	0.02665
19	23	0.02646
16	25	0.02634
1	21	0.02631
2	25	0.02608
1	41	0.02603
1	4	0.02602
15	26	0.02579
7	13	0.02558
4	33	0.02556
8	53	0.02553
34	47	0.02533
3	50	0.02484
4	22	0.0247
41	46	0.02442
23	26	0.02439
37	47	0.02413
6	47	0.02395
30	43	0.02389
10	23	0.02377
4	26	0.02371
23	27	0.02367
4	15	0.02357
17	38	0.02346
13	24	0.02326
10	51	0.02319
21	32	0.02279
34	52	0.02251
21	35	0.02173
9	15	0.02173
48	52	0.02167
2	8	0.02155
4	10	0.02135
29	55	0.02134
2	16	0.0211
34	54	0.02101
24	34	0.02095
8	17	0.02087
8	22	0.02083
34	51	0.0207
3	49	0.02051
2	6	0.02032
5	44	0.02029
3	44	0.02018
7	15	0.01985
42	54	0.01963
12	32	0.01962
2	35	0.01937
37	51	0.0192
5	10	0.01919
17	39	0.01911
16	42	0.01899
7	44	0.01893
11	18	0.0189
21	40	0.01888
18	52	0.0188
32	51	0.0186
22	46	0.01849
15	36	0.01843
24	36	0.01825
35	41	0.01815
45	55	0.01812
9	43	0.01801
2	51	0.01794
14	49	0.01781
37	46	0.01778
38	44	0.01767
8	34	0.01755
12	31	0.01737
14	41	0.01678
7	34	0.01665
5	11	0.01665
39	51	0.01643
4	48	0.01635
24	28	0.01615
46	53	0.01609
13	53	0.01606
2	11	0.01602
30	49	0.01601
31	36	0.01597
3	14	0.01587
30	42	0.0158
34	46	0.01575
22	39	0.01563
48	53	0.01552
6	32	0.01543
31	55	0.01524
40	46	0.01507
4	24	0.01503
51	55	0.01492
5	48	0.01486
6	55	0.01484
2	20	0.0148
2	9	0.01471
8	40	0.01456
6	14	0.01456
2	12	0.01409
3	22	0.01408
23	47	0.01403
8	37	0.01387
37	54	0.01378
18	45	0.01372
9	24	0.01372
28	31	0.01368
43	55	0.0136
22	31	0.01344
3	33	0.01337
36	41	0.01329
21	34	0.01329
17	48	0.01328
7	24	0.01328
6	12	0.01322
11	17	0.01299
34	45	0.01285
18	33	0.01283
12	17	0.01277
2	43	0.01269
21	31	0.0125
13	26	0.01246
4	27	0.01243
30	51	0.01235
5	33	0.01214
16	24	0.01208
13	44	0.01205
7	54	0.01204
13	52	0.012
1	17	0.0117
36	55	0.01168
10	46	0.01163
43	49	0.0115
46	54	0.0114
11	50	0.01133
25	52	0.01123
36	54	0.0111
13	45	0.01107
32	35	0.01097
4	38	0.01093
16	47	0.01064
2	7	0.01062
5	13	0.01057
21	43	0.01049
49	54	0.01045
5	12	0.01039
22	41	0.01033
31	37	0.01026
20	24	0.0102
15	29	0.00998
33	43	0.00991
3	37	0.00991
41	50	0.00983
17	20	0.00983
21	42	0.00977
36	42	0.00974
13	28	0.00964
8	41	0.00956
46	49	0.00954
6	34	0.00954
10	52	0.00953
7	23	0.00945
37	55	0.00943
13	32	0.00937
30	34	0.00935
3	39	0.00918
11	54	0.00913
16	48	0.00908
31	35	0.00908
39	45	0.00898
6	13	0.00894
15	28	0.00883
7	55	0.00882
5	24	0.00882
30	40	0.00879
9	22	0.00876
1	26	0.0087
13	27	0.00869
23	29	0.00868
1	14	0.00865
15	27	0.00863
30	54	0.00859
23	46	0.00857
45	49	0.00851
20	34	0.0085
30	33	0.00849
43	48	0.0084
34	49	0.00836
23	34	0.00835
30	55	0.00834
47	54	0.00827
6	44	0.00816
19	46	0.00813
1	19	0.00812
10	43	0.008
9	34	0.00795
38	51	0.00792
23	51	0.00787
29	54	0.00785
1	25	0.00782
16	22	0.00782
34	48	0.00777
1	43	0.00771
1	28	0.00756
38	53	0.00751
33	39	0.00742
14	21	0.00731
21	30	0.00725
12	18	0.00722
39	47	0.00708
10	16	0.00708
5	43	0.00707
13	50	0.00704
20	30	0.00698
3	13	0.00696
14	19	0.00692
1	5	0.00691
6	15	0.00686
3	40	0.00685
23	28	0.00684
19	32	0.00683
3	11	0.00673
11	53	0.00669
50	55	0.00666
23	42	0.00666
29	52	0.00661
28	55	0.00659
11	37	0.00648
41	47	0.00647
14	38	0.00647
15	47	0.00632
7	17	0.0063
7	43	0.00629
22	30	0.00623
40	49	0.00622
2	19	0.00621
7	46	0.00618
2	28	0.00618
13	54	0.00616
2	26	0.00614
22	52	0.00612
15	42	0.00612
10	50	0.0061
35	54	0.00604
11	22	0.00596
35	55	0.00595
30	48	0.00592
38	46	0.0059
30	53	0.00589
5	23	0.00589
17	51	0.00583
1	49	0.00581
12	49	0.00577
32	55	0.00574
35	43	0.00574
32	49	0.00571
14	26	0.00568
11	40	0.00566
12	51	0.0056
40	50	0.0056
13	29	0.00559
15	20	0.00554
3	12	0.00553
4	42	0.0055
28	54	0.00541
14	31	0.00541
32	54	0.00539
3	47	0.00539
11	45	0.00537
19	45	0.00535
2	21	0.00535
13	42	0.0053
39	46	0.00524
32	53	0.0052
13	22	0.00519
46	55	0.00517
14	53	0.00517
3	10	0.00517
15	33	0.00516
17	52	0.00515
8	16	0.00514
3	38	0.00508
34	53	0.00505
1	45	0.00504
18	31	0.00503
13	55	0.00497
2	50	0.00497
32	48	0.00497
8	45	0.00492
11	34	0.00487
7	16	0.00484
24	52	0.00483
10	34	0.00483
4	16	0.00482
3	41	0.0048
1	51	0.00476
18	34	0.00475
1	13	0.00473
36	46	0.0047
42	51	0.00461
6	24	0.0045
1	9	0.00449
1	12	0.00447
1	48	0.00446
14	50	0.00445
25	33	0.00444
36	52	0.00438
7	18	0.00436
8	33	0.00433
1	16	0.00433
30	44	0.00432
13	37	0.00431
37	53	0.00428
17	55	0.00426
31	40	0.00425
1	46	0.00423
1	8	0.00417
7	33	0.00416
3	48	0.00415
1	27	0.00413
42	55	0.00407
2	49	0.00404
47	55	0.00403
42	53	0.004
16	38	0.00394
16	55	0.00391
20	46	0.0039
22	47	0.00389
11	33	0.00388
2	10	0.00388
1	11	0.00387
49	55	0.00381
48	54	0.00379
19	55	0.00376
37	49	0.00376
21	41	0.00372
19	33	0.00371
1	50	0.00365
31	43	0.00363
24	35	0.00362
3	15	0.00361
29	53	0.00359
33	55	0.00356
18	51	0.00353
12	52	0.00346
12	40	0.00346
16	30	0.00344
6	46	0.00343
9	53	0.00339
35	44	0.00339
13	40	0.00339
29	32	0.00339
23	54	0.00335
39	49	0.00333
26	33	0.00331
5	17	0.00331
29	46	0.0033
25	55	0.00329
4	45	0.00327
14	39	0.00321
38	47	0.0032
18	25	0.00317
20	31	0.00315
11	55	0.00311
21	25	0.00308
39	50	0.00305
1	47	0.00305
5	39	0.00302
10	44	0.00299
21	29	0.00299
5	41	0.00295
31	38	0.00295
48	55	0.00294
35	42	0.00294
14	27	0.00292
14	54	0.0029
17	32	0.00284
11	41	0.00283
6	23	0.00279
9	16	0.00278
4	19	0.00277
15	39	0.00275
3	18	0.00272
8	54	0.00271
37	45	0.00271
16	41	0.00271
36	44	0.00267
16	37	0.00267
19	35	0.00267
25	54	0.00265
25	32	0.00265
14	29	0.00265
31	53	0.00263
2	27	0.00262
14	20	0.00262
19	24	0.00261
9	45	0.0026
29	42	0.0026
3	21	0.0026
16	54	0.00258
4	36	0.00258
29	33	0.00255
40	48	0.00254
31	54	0.00253
19	54	0.00253
29	48	0.00253
36	47	0.00253
3	43	0.00252
13	41	0.00252
10	17	0.00252
41	49	0.00251
5	37	0.00249
7	22	0.00248
21	39	0.00247
12	44	0.00246
31	52	0.00245
27	55	0.00244
2	42	0.00243
16	39	0.00241
5	40	0.0024
9	17	0.0024
18	54	0.00237
10	33	0.00236
38	49	0.00235
14	28	0.00235
29	49	0.00234
9	37	0.00234
2	47	0.00233
38	45	0.00233
31	42	0.00233
5	15	0.00231
1	10	0.00231
3	36	0.00229
21	46	0.00228
19	44	0.00226
28	52	0.00225
8	39	0.00225
12	22	0.00225
2	46	0.00223
7	41	0.00222
3	35	0.00222
25	49	0.00221
9	41	0.00218
36	51	0.00217
3	17	0.00216
10	55	0.00215
12	54	0.00215
17	24	0.00212
6	16	0.00211
15	52	0.0021
32	45	0.0021
1	42	0.0021
19	34	0.0021
15	34	0.0021
34	50	0.00208
3	20	0.00208
27	54	0.00207
8	42	0.00207
1	6	0.00207
13	31	0.00205
23	55	0.00204
9	18	0.00204
6	43	0.00203
30	37	0.002
17	30	0.002
10	53	0.00199
22	51	0.00199
29	47	0.00196
7	40	0.00195
4	21	0.00194
26	54	0.00193
14	34	0.00193
9	33	0.00193
29	51	0.00191
15	48	0.00191
9	54	0.0019
36	53	0.0019
13	38	0.0019
17	53	0.00188
39	48	0.00187
3	46	0.00186
23	38	0.00186
4	35	0.00186
4	20	0.00186
17	54	0.00184
5	22	0.00183
21	28	0.00182
5	46	0.00181
12	55	0.00179
12	53	0.00178
16	45	0.00178
28	53	0.00177
2	48	0.00177
18	48	0.00176
19	30	0.00174
25	53	0.00173
26	52	0.00172
12	42	0.00172
23	53	0.0017
35	52	0.0017
8	55	0.00169
3	19	0.00169
9	40	0.00168
19	52	0.00164
6	17	0.00163
6	18	0.00162
20	54	0.00161
5	19	0.00161
23	44	0.0016
10	54	0.00159
11	38	0.00159
17	36	0.00159
35	46	0.00158
12	34	0.00158
5	18	0.00158
26	55	0.00156
7	39	0.00156
8	21	0.00156
18	55	0.00155
33	41	0.00152
6	39	0.00152
37	48	0.0015
29	45	0.00148
8	38	0.00148
11	42	0.00147
1	7	0.00146
35	51	0.00145
26	32	0.00145
7	45	0.00144
31	48	0.00143
6	33	0.00142
5	16	0.00142
11	36	0.00141
33	42	0.0014
6	21	0.0014
12	41	0.00137
33	52	0.00136
30	50	0.00136
25	34	0.00135
30	36	0.00134
10	36	0.00133
33	54	0.00131
31	46	0.00131
24	40	0.0013
24	37	0.0013
22	25	0.0013
16	20	0.00129
5	21	0.00128
10	18	0.00128
33	47	0.00127
24	46	0.00127
24	55	0.00126
28	48	0.00126
12	33	0.00126
13	19	0.00126
23	49	0.00125
22	55	0.00124
35	49	0.00124
25	48	0.00124
16	53	0.00123
2	45	0.00123
10	41	0.00122
18	53	0.00121
24	43	0.0012
30	41	0.0012
21	26	0.00119
20	55	0.00118
7	37	0.00118
16	26	0.00118
33	51	0.00117
31	49	0.00117
6	19	0.00117
8	19	0.00116
32	50	0.00115
12	50	0.00115
30	45	0.00114
22	54	0.00113
25	51	0.00113
29	44	0.00113
24	42	0.00113
12	37	0.00113
21	55	0.00112
35	53	0.00112
10	40	0.00111
31	47	0.0011
6	45	0.0011
16	52	0.00109
41	48	0.00109
15	41	0.00108
5	38	0.00108
14	36	0.00107
24	51	0.00106
17	25	0.00106
33	53	0.00104
13	39	0.00104
11	21	0.00104
29	34	0.00103
3	16	0.00103
10	45	0.00101
10	37	0.00101
25	47	0.001
12	45	0.001
5	35	0.00099
38	50	0.00097
36	49	0.00097
38	48	0.00097
23	41	0.00097
13	21	0.00096
19	53	0.00095
17	50	0.00094
35	48	0.00094
6	40	0.00094
6	22	0.00094
30	38	0.00093
14	55	0.0009
9	55	0.0009
28	49	0.0009
31	51	0.00089
13	34	0.00089
17	34	0.00088
27	52	0.00085
16	51	0.00084
12	36	0.00084
8	20	0.00084
27	53	0.00083
24	53	0.00083
8	36	0.00083
35	45	0.00082
12	21	0.00082
15	54	0.00081
26	34	0.00081
22	53	0.0008
31	41	0.00078
22	29	0.00078
16	28	0.00078
7	19	0.00078
10	38	0.00077
27	33	0.00076
6	20	0.00076
15	44	0.00075
7	21	0.00075
5	20	0.00075
11	19	0.00075
23	48	0.00074
20	45	0.00074
21	54	0.00073
7	38	0.00073
21	27	0.00073
26	53	0.00072
29	43	0.00072
25	50	0.00071
3	45	0.00071
13	36	0.00071
42	50	0.0007
6	41	0.0007
23	39	0.0007
20	25	0.0007
28	46	0.00069
30	39	0.00068
42	48	0.00067
12	39	0.00066
24	38	0.00066
17	49	0.00065
25	46	0.00065
20	52	0.00064
35	47	0.00064
24	47	0.00064
11	39	0.00064
10	42	0.00063
24	54	0.00061
28	51	0.00061
22	45	0.00061
18	35	0.00061
19	47	0.0006
5	45	0.0006
31	44	0.0006
29	40	0.00058
31	39	0.00058
15	35	0.00057
22	44	0.00056
37	50	0.00055
12	38	0.00055
7	20	0.00055
35	50	0.00054
33	49	0.00054
33	44	0.00054
27	32	0.00054
10	22	0.00054
33	46	0.00053
21	45	0.00053
6	38	0.00053
25	36	0.00053
16	36	0.00053
15	55	0.00052
36	45	0.00052
9	38	0.00052
7	35	0.00052
26	48	0.0005
19	31	0.0005
16	44	0.00049
24	48	0.00048
16	27	0.00048
16	50	0.00047
26	49	0.00047
21	52	0.00046
29	50	0.00046
13	33	0.00046
18	29	0.00046
24	50	0.00045
18	49	0.00045
14	33	0.00045
16	32	0.00045
26	51	0.00044
15	51	0.00044
17	35	0.00044
19	25	0.00044
36	48	0.00043
20	44	0.00043
29	41	0.00043
6	37	0.00043
9	42	0.00042
23	35	0.00042
6	42	0.00041
10	39	0.00041
9	36	0.00041
27	48	0.0004
20	53	0.00039
24	49	0.00039
16	49	0.00039
9	39	0.00039
7	36	0.00039
5	36	0.00039
33	48	0.00038
28	45	0.00038
7	42	0.00038
15	53	0.00037
3	42	0.00037
22	26	0.00037
28	42	0.00036
23	45	0.00035
30	35	0.00035
10	21	0.00035
11	20	0.00035
9	20	0.00035
21	53	0.00034
42	49	0.00034
31	45	0.00034
5	42	0.00034
29	36	0.00034
6	35	0.00034
28	32	0.00034
16	31	0.00034
28	50	0.00033
22	27	0.00033
36	50	0.00032
23	50	0.00032
28	47	0.00032
10	35	0.00032
16	29	0.00032
18	28	0.00032
26	50	0.0003
27	49	0.0003
25	40	0.0003
28	33	0.0003
9	21	0.00029
15	49	0.00028
15	45	0.00027
20	29	0.00027
9	19	0.00027
8	35	0.00026
17	33	0.00026
20	47	0.00025
26	46	0.00025
24	41	0.00025
26	36	0.00025
27	34	0.00025
27	51	0.00023
33	45	0.00023
24	39	0.00023
29	35	0.00023
18	27	0.00023
25	42	0.00022
13	20	0.00022
12	19	0.00022
26	47	0.00021
11	35	0.00021
9	35	0.00021
27	46	0.0002
18	26	0.0002
26	42	0.00019
29	39	0.00019
28	34	0.00019
17	31	0.00019
19	28	0.00019
33	50	0.00018
22	49	0.00018
21	44	0.00018
22	28	0.00018
20	28	0.00018
25	43	0.00016
6	36	0.00016
19	29	0.00016
22	50	0.00015
25	37	0.00015
25	35	0.00015
10	19	0.00015
31	50	0.00014
18	50	0.00014
22	48	0.00014
24	45	0.00014
26	40	0.00014
25	38	0.00014
13	35	0.00014
16	34	0.00014
19	50	0.00013
21	47	0.00013
29	38	0.00013
17	28	0.00013
27	50	0.00012
26	43	0.00012
25	41	0.00012
12	35	0.00012
20	26	0.00012
17	26	0.00012
21	51	0.00011
27	47	0.00011
28	44	0.00011
27	42	0.00011
16	35	0.00011
26	41	0.0001
25	39	0.0001
17	29	0.0001
