18	43	0.986
17	46	0.984
14	46	0.982
17	43	0.978
24	31	0.975
14	43	0.974
14	47	0.973
23	32	0.973
23	31	0.968
13	46	0.964
17	42	0.962
22	36	0.962
22	33	0.947
22	32	0.947
23	30	0.947
15	23	0.947
18	37	0.945
24	30	0.94
22	37	0.932
20	37	0.929
18	42	0.927
20	38	0.925
13	47	0.92
9	49	0.874
44	52	0.871
7	51	0.857
15	25	0.822
8	51	0.787
20	36	0.783
18	40	0.769
10	30	0.76
24	33	0.755
12	25	0.75
37	43	0.749
11	47	0.744
44	54	0.743
10	25	0.735
23	33	0.733
2	32	0.704
19	37	0.689
9	47	0.68
18	38	0.68
4	30	0.677
25	31	0.672
7	52	0.652
15	30	0.651
11	30	0.643
9	51	0.642
8	30	0.636
22	34	0.619
10	28	0.619
8	52	0.615
11	25	0.612
4	53	0.609
10	29	0.6
5	29	0.596
21	36	0.592
4	52	0.591
15	43	0.591
34	40	0.585
8	47	0.576
19	38	0.574
13	48	0.573
44	53	0.572
3	54	0.568
21	37	0.56
3	30	0.559
15	24	0.555
10	47	0.549
2	54	0.54
7	53	0.53
5	30	0.522
4	54	0.517
14	44	0.512
17	45	0.508
19	42	0.506
1	32	0.501
16	46	0.491
10	52	0.49
41	54	0.487
3	31	0.483
4	29	0.463
4	32	0.461
3	52	0.46
9	48	0.46
3	32	0.459
10	48	0.456
40	54	0.454
2	55	0.452
2	31	0.449
14	23	0.447
3	53	0.438
8	29	0.437
3	55	0.421
44	51	0.417
7	49	0.409
24	32	0.409
9	50	0.406
4	31	0.4
1	55	0.391
4	51	0.385
8	49	0.385
9	52	0.362
1	54	0.357
5	53	0.351
10	51	0.346
47	53	0.344
3	29	0.338
1	33	0.337
4	55	0.331
2	53	0.328
10	26	0.327
2	52	0.31
19	43	0.309
1	31	0.301
18	46	0.294
15	32	0.281
10	49	0.28
8	48	0.276
6	53	0.273
11	48	0.27
1	34	0.27
2	33	0.268
7	50	0.265
17	47	0.265
22	35	0.264
2	30	0.257
5	28	0.257
14	48	0.255
11	46	0.255
18	39	0.254
15	22	0.24
2	34	0.237
5	54	0.234
10	50	0.234
5	52	0.231
6	51	0.226
3	11	0.217
8	14	0.209
8	53	0.208
43	54	0.205
17	40	0.2
32	54	0.199
37	54	0.198
32	52	0.197
32	40	0.193
2	40	0.19
5	51	0.188
10	27	0.188
14	30	0.185
5	55	0.182
6	29	0.176
11	49	0.173
3	51	0.171
43	52	0.17
7	54	0.168
18	32	0.168
9	30	0.163
15	21	0.163
2	37	0.154
21	33	0.154
32	43	0.147
41	55	0.145
8	54	0.145
6	52	0.145
8	28	0.145
34	43	0.144
44	55	0.143
45	54	0.143
13	49	0.143
19	40	0.141
3	14	0.138
2	39	0.137
5	31	0.137
6	54	0.134
30	51	0.134
15	46	0.133
40	55	0.129
11	29	0.126
45	53	0.122
22	43	0.122
14	42	0.122
12	30	0.122
15	37	0.12
14	32	0.12
45	52	0.118
18	36	0.118
9	29	0.118
14	25	0.117
1	37	0.116
11	28	0.116
8	43	0.115
20	32	0.114
11	23	0.114
1	53	0.112
8	50	0.109
38	54	0.108
10	46	0.108
34	54	0.107
30	52	0.106
14	45	0.105
22	31	0.105
9	28	0.105
43	51	0.102
4	11	0.099
4	28	0.097
3	23	0.097
18	47	0.095
34	41	0.095
8	31	0.093
4	50	0.092
11	43	0.092
14	37	0.092
2	41	0.091
6	30	0.091
23	37	0.09
20	43	0.088
4	23	0.088
17	37	0.087
11	32	0.087
2	23	0.083
44	50	0.079
19	36	0.079
1	52	0.078
14	49	0.078
32	51	0.076
13	43	0.074
11	26	0.074
45	55	0.073
2	51	0.073
19	39	0.073
9	46	0.072
2	20	0.072
11	24	0.071
43	55	0.07
30	54	0.07
8	46	0.07
1	14	0.07
39	54	0.069
2	18	0.069
47	54	0.068
7	48	0.068
23	36	0.067
18	24	0.067
25	54	0.066
14	52	0.066
4	49	0.066
20	34	0.065
20	33	0.065
14	51	0.064
21	32	0.064
2	29	0.064
8	25	0.064
3	15	0.064
1	18	0.063
36	54	0.062
3	28	0.062
10	24	0.061
10	23	0.06
5	11	0.06
1	40	0.059
21	38	0.059
2	38	0.058
11	31	0.058
1	11	0.058
11	50	0.057
4	44	0.057
1	30	0.057
3	17	0.057
2	14	0.057
2	11	0.057
6	50	0.056
12	47	0.056
8	44	0.056
3	9	0.056
6	55	0.055
11	51	0.055
17	44	0.055
4	40	0.055
3	10	0.055
4	43	0.054
5	32	0.054
14	22	0.054
8	15	0.054
16	43	0.053
1	39	0.053
8	23	0.053
37	55	0.052
2	43	0.052
20	40	0.052
1	35	0.052
3	33	0.052
23	52	0.051
3	18	0.051
41	53	0.05
37	44	0.05
2	44	0.05
46	52	0.049
22	38	0.049
24	34	0.049
2	8	0.049
8	32	0.048
12	23	0.048
6	28	0.047
17	38	0.046
6	49	0.045
1	17	0.045
43	53	0.044
20	39	0.044
7	30	0.044
11	52	0.043
33	40	0.043
42	54	0.042
40	52	0.042
45	51	0.042
4	47	0.042
4	14	0.042
5	50	0.041
15	47	0.041
38	44	0.041
20	42	0.041
22	40	0.041
21	34	0.041
7	47	0.04
2	25	0.04
41	52	0.039
13	52	0.039
7	29	0.039
18	41	0.038
1	36	0.038
9	25	0.038
14	40	0.037
23	34	0.037
32	55	0.036
1	38	0.036
1	15	0.036
38	55	0.035
25	52	0.035
4	25	0.035
3	25	0.035
34	55	0.034
16	23	0.034
2	35	0.033
14	24	0.033
12	48	0.032
34	52	0.031
32	47	0.031
3	34	0.031
1	20	0.031
1	8	0.031
23	54	0.03
2	42	0.03
3	20	0.03
40	53	0.029
18	44	0.029
34	42	0.029
24	36	0.029
2	17	0.029
3	12	0.029
37	52	0.028
18	30	0.028
5	27	0.027
1	19	0.027
39	55	0.026
11	27	0.026
17	23	0.026
4	10	0.026
1	10	0.026
42	55	0.025
35	54	0.025
46	53	0.025
1	41	0.025
2	19	0.025
30	55	0.024
36	43	0.024
8	26	0.024
3	13	0.024
32	53	0.023
1	51	0.023
3	50	0.023
3	40	0.023
2	36	0.023
22	30	0.023
2	15	0.023
7	55	0.022
5	26	0.022
3	26	0.022
1	12	0.022
36	55	0.021
8	55	0.021
10	54	0.021
37	47	0.021
12	46	0.021
19	41	0.021
20	35	0.021
12	26	0.021
5	49	0.02
3	37	0.02
5	25	0.02
1	7	0.02
29	54	0.019
27	54	0.019
38	46	0.019
1	43	0.019
17	39	0.019
1	29	0.019
9	26	0.019
3	22	0.019
2	10	0.019
4	27	0.018
14	21	0.018
4	12	0.018
47	55	0.017
33	54	0.017
28	54	0.017
14	50	0.017
2	47	0.017
4	33	0.017
10	31	0.017
2	22	0.017
1	13	0.017
48	54	0.016
31	54	0.016
9	53	0.016
13	51	0.016
4	48	0.016
32	46	0.016
4	46	0.016
1	44	0.016
35	41	0.016
21	35	0.016
2	28	0.016
4	26	0.016
3	24	0.016
1	23	0.016
4	15	0.016
5	12	0.016
2	50	0.015
3	49	0.015
16	47	0.015
34	44	0.015
4	42	0.015
32	38	0.015
31	37	0.015
8	27	0.015
5	14	0.015
29	55	0.014
30	50	0.014
30	49	0.014
2	49	0.014
13	45	0.014
18	34	0.014
6	31	0.014
3	27	0.014
4	18	0.014
31	55	0.013
30	53	0.013
10	53	0.013
31	52	0.013
6	48	0.013
3	44	0.013
21	43	0.013
13	42	0.013
3	42	0.013
4	41	0.013
12	28	0.013
2	21	0.013
4	20	0.013
2	12	0.013
1	9	0.013
49	55	0.012
35	55	0.012
26	54	0.012
22	54	0.012
9	54	0.012
6	47	0.012
37	46	0.012
18	45	0.012
35	43	0.012
3	43	0.012
1	42	0.012
3	39	0.012
15	38	0.012
7	28	0.012
3	19	0.012
28	55	0.011
25	55	0.011
37	53	0.011
29	52	0.011
40	51	0.011
43	50	0.011
13	50	0.011
1	50	0.011
32	39	0.011
4	39	0.011
15	31	0.011
12	24	0.011
2	24	0.011
1	21	0.011
4	17	0.011
9	15	0.011
2	9	0.011
38	52	0.01
30	47	0.01
34	46	0.01
23	43	0.01
9	43	0.01
17	41	0.01
4	37	0.01
18	33	0.01
20	30	0.01
23	29	0.01
12	27	0.01
1	22	0.01
6	14	0.01
4	13	0.01
2	13	0.01
33	55	0.009
34	53	0.009
28	52	0.009
41	51	0.009
12	49	0.009
3	47	0.009
1	47	0.009
15	44	0.009
11	44	0.009
3	41	0.009
9	27	0.009
2	26	0.009
8	24	0.009
1	16	0.009
27	55	0.008
10	55	0.008
46	54	0.008
17	54	0.008
15	54	0.008
14	54	0.008
38	53	0.008
33	52	0.008
31	51	0.008
29	51	0.008
28	51	0.008
1	49	0.008
2	48	0.008
34	47	0.008
5	47	0.008
8	45	0.008
32	44	0.008
9	44	0.008
15	42	0.008
24	37	0.008
26	32	0.008
25	32	0.008
19	32	0.008
2	27	0.008
5	23	0.008
16	22	0.008
4	22	0.008
48	55	0.007
24	54	0.007
11	54	0.007
27	52	0.007
37	51	0.007
34	51	0.007
32	49	0.007
38	47	0.007
2	46	0.007
35	42	0.007
16	42	0.007
15	34	0.007
4	34	0.007
1	28	0.007
6	27	0.007
1	26	0.007
1	25	0.007
4	24	0.007
1	24	0.007
9	23	0.007
11	22	0.007
8	18	0.007
5	13	0.007
26	55	0.006
42	53	0.006
39	53	0.006
28	53	0.006
39	52	0.006
36	52	0.006
22	52	0.006
17	52	0.006
25	51	0.006
3	48	0.006
1	48	0.006
22	47	0.006
7	46	0.006
1	45	0.006
36	42	0.006
32	42	0.006
22	42	0.006
21	40	0.006
18	35	0.006
10	32	0.006
7	31	0.006
12	29	0.006
18	25	0.006
3	21	0.006
14	20	0.006
5	15	0.006
7	14	0.006
6	12	0.006
13	54	0.005
23	51	0.005
32	50	0.005
5	48	0.005
23	47	0.005
19	46	0.005
16	45	0.005
4	45	0.005
2	45	0.005
13	44	0.005
33	43	0.005
32	41	0.005
15	40	0.005
22	39	0.005
3	38	0.005
19	34	0.005
26	33	0.005
12	32	0.005
6	32	0.005
9	31	0.005
1	27	0.005
6	25	0.005
9	24	0.005
6	23	0.005
10	22	0.005
8	22	0.005
3	16	0.005
6	13	0.005
46	55	0.004
23	55	0.004
9	55	0.004
18	54	0.004
36	53	0.004
29	53	0.004
25	53	0.004
42	52	0.004
35	52	0.004
26	52	0.004
24	52	0.004
15	52	0.004
38	51	0.004
22	51	0.004
43	49	0.004
26	49	0.004
30	48	0.004
17	48	0.004
30	46	0.004
22	46	0.004
6	46	0.004
1	46	0.004
8	42	0.004
14	38	0.004
30	37	0.004
15	36	0.004
15	35	0.004
3	35	0.004
25	33	0.004
15	33	0.004
14	31	0.004
13	30	0.004
15	26	0.004
6	26	0.004
4	19	0.004
11	18	0.004
2	16	0.004
7	13	0.004
24	55	0.003
22	55	0.003
11	55	0.003
35	53	0.003
27	53	0.003
26	53	0.003
18	52	0.003
12	52	0.003
39	51	0.003
27	51	0.003
26	51	0.003
28	50	0.003
28	49	0.003
25	49	0.003
32	48	0.003
15	48	0.003
3	46	0.003
38	45	0.003
9	45	0.003
3	45	0.003
7	44	0.003
6	44	0.003
5	44	0.003
10	43	0.003
5	43	0.003
8	40	0.003
33	39	0.003
21	39	0.003
4	38	0.003
30	36	0.003
3	36	0.003
24	35	0.003
23	35	0.003
19	35	0.003
19	33	0.003
5	33	0.003
21	31	0.003
12	31	0.003
21	30	0.003
15	29	0.003
16	25	0.003
13	25	0.003
16	24	0.003
5	24	0.003
4	21	0.003
10	18	0.003
6	15	0.003
14	55	0.002
20	54	0.002
12	54	0.002
33	53	0.002
31	53	0.002
23	53	0.002
11	53	0.002
42	51	0.002
33	51	0.002
17	51	0.002
15	51	0.002
29	50	0.002
25	50	0.002
12	50	0.002
29	49	0.002
27	49	0.002
23	49	0.002
22	49	0.002
40	47	0.002
39	47	0.002
36	47	0.002
25	47	0.002
19	47	0.002
36	46	0.002
35	46	0.002
23	46	0.002
5	46	0.002
37	45	0.002
34	45	0.002
11	45	0.002
36	44	0.002
35	44	0.002
22	44	0.002
19	44	0.002
10	44	0.002
30	43	0.002
12	43	0.002
7	43	0.002
6	43	0.002
21	42	0.002
11	42	0.002
20	41	0.002
23	40	0.002
11	40	0.002
23	38	0.002
16	37	0.002
11	37	0.002
17	36	0.002
14	35	0.002
4	35	0.002
14	33	0.002
17	32	0.002
16	32	0.002
13	32	0.002
9	32	0.002
7	32	0.002
18	31	0.002
16	30	0.002
15	28	0.002
7	27	0.002
14	26	0.002
7	26	0.002
7	25	0.002
13	23	0.002
12	22	0.002
5	22	0.002
5	18	0.002
8	17	0.002
5	17	0.002
4	16	0.002
7	15	0.002
21	55	0.001
20	55	0.001
18	55	0.001
17	55	0.001
15	55	0.001
13	55	0.001
12	55	0.001
21	54	0.001
19	54	0.001
16	54	0.001
24	53	0.001
22	53	0.001
14	53	0.001
13	53	0.001
21	52	0.001
20	52	0.001
36	51	0.001
35	51	0.001
24	51	0.001
18	51	0.001
12	51	0.001
41	50	0.001
34	50	0.001
31	50	0.001
27	50	0.001
26	50	0.001
23	50	0.001
17	50	0.001
37	49	0.001
34	49	0.001
31	49	0.001
24	49	0.001
17	49	0.001
15	49	0.001
38	48	0.001
37	48	0.001
34	48	0.001
29	48	0.001
28	48	0.001
26	48	0.001
25	48	0.001
23	48	0.001
22	48	0.001
18	48	0.001
16	48	0.001
41	47	0.001
35	47	0.001
33	47	0.001
31	47	0.001
29	47	0.001
28	47	0.001
26	47	0.001
24	47	0.001
21	47	0.001
20	47	0.001
40	46	0.001
39	46	0.001
33	46	0.001
26	46	0.001
25	46	0.001
24	46	0.001
20	46	0.001
39	45	0.001
32	45	0.001
23	45	0.001
22	45	0.001
19	45	0.001
15	45	0.001
10	45	0.001
7	45	0.001
6	45	0.001
5	45	0.001
33	44	0.001
30	44	0.001
23	44	0.001
20	44	0.001
16	44	0.001
31	43	0.001
24	43	0.001
33	42	0.001
23	42	0.001
9	42	0.001
6	42	0.001
5	42	0.001
33	41	0.001
14	41	0.001
8	41	0.001
5	41	0.001
31	40	0.001
30	40	0.001
24	40	0.001
16	40	0.001
5	40	0.001
31	39	0.001
30	39	0.001
14	39	0.001
5	39	0.001
31	38	0.001
30	38	0.001
16	38	0.001
8	37	0.001
5	37	0.001
29	36	0.001
26	36	0.001
25	36	0.001
14	36	0.001
4	36	0.001
26	34	0.001
25	34	0.001
14	34	0.001
5	34	0.001
27	33	0.001
11	33	0.001
8	33	0.001
20	31	0.001
19	30	0.001
22	29	0.001
14	29	0.001
14	28	0.001
15	27	0.001
19	25	0.001
17	24	0.001
6	24	0.001
7	23	0.001
9	22	0.001
6	22	0.001
11	21	0.001
10	21	0.001
11	20	0.001
10	20	0.001
8	20	0.001
6	20	0.001
5	20	0.001
12	18	0.001
6	18	0.001
11	17	0.001
10	17	0.001
6	17	0.001
10	16	0.001
8	16	0.001
5	16	0.001
19	55	0.0
16	55	0.0
21	53	0.0
20	53	0.0
19	53	0.0
18	53	0.0
17	53	0.0
16	53	0.0
15	53	0.0
12	53	0.0
19	52	0.0
16	52	0.0
21	51	0.0
20	51	0.0
19	51	0.0
16	51	0.0
42	50	0.0
40	50	0.0
39	50	0.0
38	50	0.0
37	50	0.0
36	50	0.0
35	50	0.0
33	50	0.0
24	50	0.0
22	50	0.0
21	50	0.0
20	50	0.0
19	50	0.0
18	50	0.0
16	50	0.0
15	50	0.0
42	49	0.0
41	49	0.0
40	49	0.0
39	49	0.0
38	49	0.0
36	49	0.0
35	49	0.0
33	49	0.0
21	49	0.0
20	49	0.0
19	49	0.0
18	49	0.0
16	49	0.0
42	48	0.0
41	48	0.0
40	48	0.0
39	48	0.0
36	48	0.0
35	48	0.0
33	48	0.0
31	48	0.0
27	48	0.0
24	48	0.0
21	48	0.0
20	48	0.0
19	48	0.0
27	47	0.0
31	46	0.0
29	46	0.0
28	46	0.0
27	46	0.0
21	46	0.0
36	45	0.0
35	45	0.0
33	45	0.0
31	45	0.0
30	45	0.0
29	45	0.0
28	45	0.0
27	45	0.0
26	45	0.0
25	45	0.0
24	45	0.0
21	45	0.0
20	45	0.0
12	45	0.0
31	44	0.0
29	44	0.0
28	44	0.0
27	44	0.0
26	44	0.0
25	44	0.0
24	44	0.0
21	44	0.0
12	44	0.0
29	43	0.0
28	43	0.0
27	43	0.0
26	43	0.0
25	43	0.0
31	42	0.0
30	42	0.0
29	42	0.0
28	42	0.0
27	42	0.0
26	42	0.0
25	42	0.0
24	42	0.0
12	42	0.0
10	42	0.0
7	42	0.0
31	41	0.0
30	41	0.0
29	41	0.0
28	41	0.0
27	41	0.0
26	41	0.0
25	41	0.0
24	41	0.0
23	41	0.0
22	41	0.0
21	41	0.0
16	41	0.0
15	41	0.0
13	41	0.0
12	41	0.0
11	41	0.0
10	41	0.0
9	41	0.0
7	41	0.0
6	41	0.0
29	40	0.0
28	40	0.0
27	40	0.0
26	40	0.0
25	40	0.0
13	40	0.0
12	40	0.0
10	40	0.0
9	40	0.0
7	40	0.0
6	40	0.0
29	39	0.0
28	39	0.0
27	39	0.0
26	39	0.0
25	39	0.0
24	39	0.0
23	39	0.0
16	39	0.0
15	39	0.0
13	39	0.0
12	39	0.0
11	39	0.0
10	39	0.0
9	39	0.0
8	39	0.0
7	39	0.0
6	39	0.0
29	38	0.0
28	38	0.0
27	38	0.0
26	38	0.0
25	38	0.0
24	38	0.0
13	38	0.0
12	38	0.0
11	38	0.0
10	38	0.0
9	38	0.0
8	38	0.0
7	38	0.0
6	38	0.0
5	38	0.0
29	37	0.0
28	37	0.0
27	37	0.0
26	37	0.0
25	37	0.0
13	37	0.0
12	37	0.0
10	37	0.0
9	37	0.0
7	37	0.0
6	37	0.0
28	36	0.0
27	36	0.0
16	36	0.0
13	36	0.0
12	36	0.0
11	36	0.0
10	36	0.0
9	36	0.0
8	36	0.0
7	36	0.0
6	36	0.0
5	36	0.0
29	35	0.0
28	35	0.0
27	35	0.0
26	35	0.0
25	35	0.0
17	35	0.0
16	35	0.0
13	35	0.0
12	35	0.0
11	35	0.0
10	35	0.0
9	35	0.0
8	35	0.0
7	35	0.0
6	35	0.0
5	35	0.0
28	34	0.0
27	34	0.0
17	34	0.0
16	34	0.0
13	34	0.0
12	34	0.0
11	34	0.0
10	34	0.0
9	34	0.0
8	34	0.0
7	34	0.0
6	34	0.0
17	33	0.0
16	33	0.0
13	33	0.0
12	33	0.0
10	33	0.0
9	33	0.0
7	33	0.0
6	33	0.0
19	31	0.0
17	31	0.0
16	31	0.0
13	31	0.0
17	30	0.0
21	29	0.0
20	29	0.0
19	29	0.0
18	29	0.0
17	29	0.0
16	29	0.0
13	29	0.0
22	28	0.0
21	28	0.0
20	28	0.0
19	28	0.0
18	28	0.0
17	28	0.0
16	28	0.0
13	28	0.0
21	27	0.0
20	27	0.0
19	27	0.0
18	27	0.0
17	27	0.0
16	27	0.0
14	27	0.0
13	27	0.0
20	26	0.0
19	26	0.0
18	26	0.0
17	26	0.0
16	26	0.0
13	26	0.0
17	25	0.0
13	24	0.0
7	24	0.0
13	22	0.0
7	22	0.0
13	21	0.0
12	21	0.0
9	21	0.0
8	21	0.0
7	21	0.0
6	21	0.0
5	21	0.0
13	20	0.0
12	20	0.0
9	20	0.0
7	20	0.0
13	19	0.0
12	19	0.0
11	19	0.0
10	19	0.0
9	19	0.0
8	19	0.0
7	19	0.0
6	19	0.0
5	19	0.0
9	18	0.0
7	18	0.0
9	17	0.0
7	17	0.0
9	16	0.0
7	16	0.0
6	16	0.0
